terraref/laser3d/LAStools/bin/dem.asc
ncols 251
nrows 251
xllcorner 630250.000000
yllcorner 4834500.000000
cellsize 1.000000
NODATA_value -9999.0
[rows 34 to 67 of 251, columns 0 to 76 of 251]
57.58 55.39 55.68 58.47 58.61 57.01 53.00 53.00 52.99 52.97 52.94 52.90 52.83 52.86 52.85 52.80 52.82 52.79 52.84 52.80 52.77 53.31 52.80 52.82 52.99 53.13 53.07 53.10 53.04 53.07 52.94 52.84 52.86 55.19 55.73 52.62 52.58 52.59 52.58 52.44 52.39 52.34 52.49 52.33 52.33 52.33 52.28 52.30 54.25 54.33 61.47 62.26 62.72 63.79 64.10 64.51 58.49 64.58 63.90 63.89 53.35 62.10 64.41 63.39 57.16 61.00 62.31 63.78 64.12 64.60 63.70 63.44 60.96 61.24 60.09 60.08 61.16
61.52 54.73 57.76 57.20 59.07 59.66 53.11 53.03 53.01 52.97 52.96 52.93 52.92 52.95 52.94 52.91 52.91 52.89 52.86 60.40 54.50 56.27 56.16 53.08 53.07 53.02 52.96 52.99 52.91 52.87 52.88 52.68 52.69 53.73 52.55 52.51 52.47 52.87 52.42 52.31 52.33 52.29 52.32 52.32 52.32 52.32 52.33 52.28 52.30 60.33 61.73 60.45 55.35 63.02 63.64 64.07 54.48 64.94 64.50 63.59 62.69 60.79 64.72 63.88 62.44 61.23 63.64 64.54 62.71 62.61 63.49 62.83 60.00 60.04 60.10 60.10 60.06
61.24 59.81 54.54 59.57 59.56 59.68 56.02 53.04 52.99 52.96 52.97 52.97 52.99 52.95 52.98 52.99 53.03 53.90 54.70 57.16 56.59 56.51 56.60 54.08 52.83 52.85 52.80 52.80 52.80 52.74 52.65 52.50 52.58 52.50 52.36 52.37 52.31 52.32 52.28 52.30 52.35 52.28 52.35 52.31 52.31 52.30 52.35 52.32 54.44 55.42 60.38 61.25 62.19 62.99 63.44 60.68 64.44 64.81 64.35 64.03 53.72 61.07 64.51 63.67 62.76 62.57 60.01 61.03 63.38 60.62 60.07 61.63 60.10 60.09 60.12 60.10 60.09
60.91 61.11 58.76 60.17 60.09 60.03 58.98 53.02 52.97 52.97 52.98 54.26 53.01 53.05 53.01 53.05 53.04 53.17 54.11 55.95 56.18 56.28 54.50 52.74 52.66 52.65 52.64 52.68 52.64 52.56 52.50 52.45 52.47 52.34 52.29 52.30 52.25 52.28 52.28 52.31 52.29 52.34 52.31 52.33 52.35 52.35 52.34 52.32 52.29 52.33 59.24 61.73 61.79 62.59 63.46 63.11 61.62 64.38 63.76 60.02 61.72 59.99 60.49 62.60 60.05 60.00 60.06 60.11 61.60 61.94 60.08 60.09 60.08 60.08 60.07 60.11 60.12
60.29 60.46 60.94 60.09 60.06 60.11 60.83 53.12 53.03 53.01 53.04 53.02 53.01 53.05 53.04 53.09 53.07 53.16 54.67 55.81 55.81 56.11 55.87 52.60 52.57 52.56 52.58 52.40 52.36 52.31 52.31 52.31 52.30 52.26 52.25 52.26 52.26 52.27 52.28 52.29 52.31 52.32 52.26 52.35 52.34 52.34 52.34 52.32 52.31 52.35 59.46 61.29 60.75 60.28 62.75 62.80 60.46 60.21 63.21 60.03 60.03 60.04 60.06 60.05 60.03 60.06 60.06 60.07 60.03 60.04 60.03 60.12 60.03 60.10 60.08 60.06 60.06
60.13 60.09 60.02 60.04 60.11 60.02 60.73 52.98 53.02 53.01 53.00 53.04 53.02 53.02 53.06 53.05 53.05 53.25 53.89 52.75 52.57 53.37 52.52 52.49 52.47 53.07 52.36 52.35 52.30 52.25 52.28 52.24 52.27 52.27 52.25 52.25 52.26 52.27 52.29 52.33 52.33 52.31 52.34 52.32 52.33 52.32 52.30 52.36 60.31 60.56 60.09 58.29 60.37 60.03 60.07 60.08 61.19 60.04 60.08 60.04 60.07 60.05 60.06 60.04 60.02 60.07 60.05 60.04 60.05 60.06 60.09 60.07 60.07 60.04 60.10 60.08 60.07
64.26 60.73 60.09 60.09 60.08 60.12 60.53 54.70 52.97 53.00 52.98 53.04 53.02 52.99 53.05 53.04 53.08 53.08 53.12 52.54 52.52 52.41 52.40 52.34 52.33 52.85 52.40 52.32 52.29 52.27 52.28 52.29 52.25 52.24 52.25 52.24 52.30 52.26 52.28 52.33 52.30 52.31 52.31 55.51 52.31 54.71 57.54 60.40 60.08 60.04 60.05 60.09 60.09 60.03 60.13 60.06 60.04 60.01 60.04 60.12 60.05 60.06 60.07 60.09 60.08 60.05 60.04 60.04 60.04 60.07 60.05 60.10 60.08 60.02 60.10 60.09 60.12
64.02 62.48 60.06 60.10 60.07 60.10 60.17 56.97 53.91 53.01 52.99 53.03 53.01 53.03 53.03 53.04 53.18 53.06 53.10 52.43 52.27 52.31 52.27 52.32 52.33 52.34 52.36 52.44 52.29 52.29 52.31 52.30 52.25 52.29 52.28 52.29 52.29 52.33 52.33 52.30 52.32 58.27 59.78 58.33 54.47 60.11 60.06 60.01 60.01 60.03 60.04 60.05 60.08 60.04 60.04 60.07 60.03 60.06 60.04 60.05 60.07 60.08 60.05 60.09 60.01 60.05 60.06 60.07 60.05 60.05 60.08 60.09 60.08 60.07 60.08 60.10 60.05
63.68 62.80 60.10 60.13 60.09 60.12 60.11 60.85 54.30 53.00 53.03 52.99 53.05 53.03 53.26 54.13 53.03 52.99 52.80 52.49 52.27 52.31 52.32 52.33 52.37 52.30 52.36 52.33 52.34 52.35 52.32 52.27 52.28 52.30 52.31 52.33 52.30 52.62 52.50 59.96 58.76 57.71 58.16 60.09 60.13 60.07 60.12 60.01 60.06 60.03 60.00 60.07 60.07 60.10 60.07 60.04 60.09 60.08 60.07 60.06 60.05 60.05 60.10 60.07 60.09 60.06 60.05 60.06 60.07 60.03 60.05 60.06 60.09 60.06 60.07 60.07 60.10
61.40 60.13 60.16 60.12 60.10 60.11 60.09 60.46 59.74 53.01 53.01 53.01 53.07 52.98 53.10 52.95 53.22 52.52 52.41 52.46 52.30 52.28 52.32 52.33 52.34 52.32 52.32 52.31 52.31 52.34 52.31 52.33 52.32 52.32 52.35 52.34 59.14 53.82 60.14 60.08 60.10 60.05 60.08 60.03 60.05 60.05 60.06 60.03 60.04 60.05 60.04 60.03 60.05 60.07 60.07 60.08 60.07 60.07 60.04 60.06 60.12 60.09 60.07 60.05 60.04 60.08 60.04 60.05 60.08 60.09 60.07 60.06 60.08 60.07 60.09 60.09 60.14
62.84 60.60 60.14 60.13 60.06 60.09 60.10 60.11 60.94 54.92 52.99 52.92 52.74 52.68 52.65 52.71 52.26 52.44 52.30 52.27 52.30 52.26 52.31 52.34 52.32 52.33 52.35 52.31 52.34 52.35 52.30 53.64 55.99 59.35 57.73 54.23 60.10 60.09 60.06 60.03 60.01 60.12 60.04 60.10 60.01 60.03 60.05 60.02 60.03 60.07 60.03 60.01 60.10 60.05 60.07 60.03 60.06 60.07 60.10 60.06 60.03 60.05 60.07 60.06 60.05 60.04 60.04 60.03 60.05 60.04 60.07 60.09 60.11 60.10 60.08 60.09 60.06
59.09 54.82 60.15 60.04 60.13 60.11 60.08 60.06 60.77 57.56 53.09 52.47 52.43 52.25 52.23 52.19 52.26 52.29 52.28 52.27 52.29 52.32 52.32 52.32 52.30 52.36 52.32 52.61 56.04 55.03 52.65 60.20 59.11 59.64 60.05 60.06 60.06 60.07 60.04 59.96 60.05 60.07 60.05 60.05 60.07 60.05 60.03 60.03 60.04 60.03 60.05 60.03 60.06 60.06 60.06 60.08 60.08 60.05 60.08 60.02 60.06 60.06 60.08 60.06 60.04 60.02 60.00 60.02 60.05 60.08 60.11 60.08 60.01 60.06 60.08 60.07 60.05
50.11 60.75 61.28 60.11 60.13 60.03 60.07 60.07 60.24 53.23 53.27 52.76 52.25 52.25 52.26 52.24 52.28 52.26 52.30 52.31 52.38 52.31 52.32 52.33 52.32 55.33 60.92 59.88 54.66 57.16 60.07 60.06 60.07 60.03 60.08 60.02 60.05 60.04 60.06 60.07 60.03 60.05 60.08 60.10 60.07 60.04 60.05 60.06 60.03 60.04 60.02 60.01 60.01 60.05 60.10 60.09 60.06 60.07 60.05 60.05 60.06 60.07 60.03 60.03 60.03 60.07 60.09 60.09 60.09 60.01 60.07 60.06 60.03 60.09 60.08 60.03 60.04
62.70 60.57 58.05 60.07 60.12 60.06 60.08 60.08 60.08 60.12 53.62 53.33 52.24 52.26 52.29 52.28 52.31 52.29 52.30 52.33 52.62 52.33 54.08 52.64 59.64 60.29 60.10 57.87 60.04 60.12 60.07 60.09 60.03 60.03 60.04 60.05 60.05 60.02 60.09 60.04 60.02 60.06 60.04 60.06 60.07 60.03 60.05 60.05 60.05 60.05 60.05 60.04 60.05 60.04 60.06 60.09 60.04 60.06 60.02 60.04 60.08 60.03 60.03 60.04 60.08 60.06 60.05 60.07 60.05 60.03 60.07 60.06 60.10 60.09 60.08 60.06 60.04
53.44 63.93 62.96 60.27 60.08 60.11 60.10 60.10 60.07 59.53 57.03 52.29 52.32 52.32 52.33 52.27 52.27 52.32 52.32 53.15 60.90 60.30 56.50 60.08 60.10 60.13 60.07 60.10 60.05 60.06 60.05 60.09 60.05 60.07 60.06 60.04 60.08 60.04 60.06 60.04 60.07 60.04 60.07 60.07 60.06 60.07 60.03 60.06 60.07 60.02 60.05 60.05 60.04 60.02 60.02 60.05 60.04 60.05 60.04 60.04 60.11 60.05 60.08 60.09 60.05 60.03 60.07 60.07 60.04 60.05 60.01 60.06 60.06 60.07 60.07 60.05 60.05
57.89 63.56 64.04 64.60 60.87 60.05 60.08 60.43 61.26 60.46 53.46 52.31 52.31 52.34 52.30 53.87 54.59 54.23 60.65 60.10 53.67 60.05 60.07 60.06 60.10 60.05 60.08 60.05 60.05 60.05 60.07 60.05 60.07 60.08 60.11 60.06 60.04 60.06 60.07 60.05 60.05 60.04 60.08 60.04 60.02 60.07 60.11 60.08 60.07 60.07 60.01 60.06 60.03 60.06 60.02 60.07 60.03 60.08 60.09 60.09 60.09 60.07 60.10 60.07 60.05 60.03 60.05 60.03 60.02 60.05 60.05 60.04 60.07 60.08 60.03 60.06 60.08
64.88 64.98 64.34 64.31 63.96 60.72 61.45 61.84 62.01 60.88 60.98 54.09 56.09 58.48 57.93 54.01 59.45 60.05 60.05 60.11 60.03 60.07 60.10 60.06 60.06 60.03 60.03 60.03 60.03 60.07 60.06 60.06 60.09 60.10 60.05 60.04 60.07 60.09 60.07 60.09 60.04 60.05 60.06 60.06 60.03 60.04 60.02 60.01 60.06 60.06 60.02 60.00 60.02 60.04 60.04 60.07 60.09 60.06 60.10 60.07 60.08 60.07 60.08 60.06 60.05 60.06 60.04 60.07 60.01 59.99 60.05 60.04 60.03 60.06 60.07 60.08 60.04
64.58 61.20 64.22 64.18 63.92 60.59 61.28 60.21 60.10 60.11 60.27 60.09 60.29 59.30 57.51 60.19 60.08 60.03 60.07 60.05 60.01 60.09 60.06 60.04 60.06 60.04 60.04 60.06 60.04 60.06 60.06 60.10 60.10 60.06 60.04 60.06 60.08 60.07 60.06 60.04 60.06 60.07 60.02 60.08 60.04 60.03 60.05 60.07 60.04 60.03 60.03 60.06 60.08 60.03 60.06 60.08 60.10 60.09 60.09 68.92 81.33 60.05 61.70 60.05 60.06 60.09 60.07 60.04 60.05 60.05 60.04 60.05 60.03 60.01 60.09 60.09 60.09
64.58 64.00 63.68 64.41 60.97 60.12 60.13 60.09 60.08 60.07 60.08 60.11 60.10 60.04 60.08 60.09 60.09 60.04 60.04 60.07 60.04 60.02 60.09 60.05 60.02 60.09 60.06 60.04 60.05 60.07 60.09 60.10 60.06 60.09 60.08 60.06 60.05 60.08 60.05 60.09 60.05 60.05 60.05 60.04 60.05 60.03 60.04 60.03 60.05 60.06 60.07 60.05 60.07 60.07 60.06 60.08 84.63 104.38 103.90 118.06 128.55 96.68 99.63 118.47 96.88 110.32 77.93 105.94 60.06 60.05 60.07 60.04 60.08 60.08 60.07 60.09 60.10
61.75 64.36 64.22 64.44 62.35 60.08 60.06 60.10 60.07 60.08 60.10 60.07 60.07 60.13 60.06 60.05 60.12 60.05 60.04 60.03 60.05 60.07 60.07 60.06 60.09 60.10 60.06 60.05 60.07 60.08 60.07 60.07 60.11 60.05 60.08 60.07 60.03 60.07 60.04 60.03 60.06 60.04 60.02 60.05 60.04 60.05 60.08 60.09 60.04 60.07 60.08 60.05 60.09 60.07 60.06 60.06 71.85 152.04 152.04 151.78 151.78 151.86 151.80 151.83 151.92 151.96 152.05 152.09 136.78 134.20 95.23 99.53 100.86 74.00 89.64 69.63 60.10
58.66 64.52 64.37 63.97 60.04 60.04 60.05 60.08 60.06 60.07 60.11 60.05 60.10 60.06 60.04 60.04 60.06 60.03 60.01 60.08 60.06 60.05 60.08 60.08 60.12 60.04 60.08 60.06 60.07 60.10 60.05 60.09 60.04 60.07 60.06 60.06 60.05 60.08 60.04 60.01 60.07 60.02 60.03 60.06 60.04 60.07 60.08 60.06 60.06 60.08 60.11 60.05 60.10 60.10 60.03 60.01 116.61 152.05 151.99 151.82 151.79 151.84 151.78 151.82 151.79 151.76 151.79 151.85 151.74 151.78 151.81 151.95 152.01 152.00 150.69 142.73 68.81
62.84 54.12 64.07 62.73 60.12 60.04 60.06 60.02 60.14 60.06 60.06 60.07 60.08 60.05 60.04 60.03 60.05 60.06 60.06 60.09 60.04 60.04 60.06 60.05 60.04 60.04 60.06 60.04 60.04 60.10 60.05 60.05 60.09 60.07 60.05 60.06 60.00 60.05 60.07 60.05 60.08 60.03 60.08 60.05 60.07 60.05 60.07 60.10 60.05 60.06 60.07 60.07 60.05 60.00 60.03 60.02 124.17 152.09 151.98 151.79 151.79 151.83 151.84 151.94 151.80 151.82 151.81 151.84 151.92 151.89 151.85 151.84 151.78 151.78 151.80 151.78 151.98
62.75 60.13 60.05 62.68 60.71 60.06 60.10 60.11 60.07 60.07 60.04 60.04 60.00 60.05 60.02 60.02 60.07 60.09 60.02 60.05 60.09 60.07 60.07 60.01 60.03 60.06 60.05 60.06 60.01 60.05 60.04 60.04 60.06 60.01 60.04 60.07 60.06 60.04 60.08 60.08 60.08 60.07 60.06 60.04 60.04 60.08 60.06 60.07 60.05 60.04 60.07 60.02 60.01 60.05 60.06 60.05 60.03 152.12 151.99 151.77 151.84 151.79 151.77 151.94 152.13 152.41 152.26 156.38 152.14 152.16 152.10 152.02 152.00 151.96 151.92 151.89 151.84
60.05 60.07 60.02 60.08 60.05 60.05 60.05 60.00 60.02 60.04 60.04 60.06 60.04 60.02 60.02 60.06 60.09 60.05 60.04 60.00 60.05 60.03 60.04 60.06 60.06 60.03 60.02 60.06 60.01 60.05 60.06 60.02 60.04 60.05 60.08 60.07 60.09 60.05 60.08 60.06 60.05 60.08 60.04 60.05 60.05 60.07 60.03 60.03 60.02 60.06 60.02 60.00 60.04 60.03 60.04 60.03 60.05 134.05 151.79 151.78 151.78 151.80 156.61 151.93 152.13 152.52 151.93 152.19 152.14 152.13 152.14 152.13 152.13 152.12 152.12 152.02 152.08
60.08 60.13 60.04 60.06 60.08 60.02 60.06 60.02 59.99 60.01 60.11 60.08 60.02 60.02 60.12 60.05 60.06 60.06 60.08 60.06 60.05 60.02 60.05 60.05 60.03 60.02 60.00 60.04 60.03 60.03 60.03 60.04 60.09 60.05 60.06 60.04 60.07 60.05 60.03 60.06 60.04 60.05 60.06 60.07 60.07 59.99 60.03 60.06 60.05 60.01 60.02 60.03 60.00 60.02 60.04 60.05 60.07 131.26 144.18 151.83 151.79 151.80 151.85 151.83 151.80 151.82 151.91 152.20 152.16 152.18 152.13 152.12 152.12 152.17 152.13 152.05 152.12
60.08 59.99 60.01 59.99 59.99 60.07 60.03 60.07 60.05 60.08 60.08 60.03 60.04 60.07 60.09 60.05 60.06 60.07 60.06 60.05 60.05 60.07 60.05 60.04 60.04 60.02 60.01 60.03 60.04 60.04 60.04 60.01 60.05 60.10 60.06 60.06 60.07 60.07 60.01 60.05 60.05 60.08 60.09 60.05 65.93 60.06 60.05 60.03 60.01 60.06 60.04 60.04 60.05 60.05 60.07 60.08 60.04 76.36 108.81 152.14 151.79 151.82 151.86 151.83 151.80 151.80 153.00 152.17 152.14 152.12 152.08 152.19 152.20 152.14 152.09 152.07 152.15
60.07 60.02 60.05 60.05 60.05 60.07 60.05 60.08 60.09 60.09 60.03 60.04 60.06 60.05 60.03 60.05 60.05 60.03 60.02 60.03 60.03 60.04 60.04 60.02 60.03 60.04 60.05 60.04 60.05 60.07 60.04 60.04 60.09 60.09 60.03 60.05 60.06 60.06 60.07 60.05 60.09 60.08 60.07 118.01 97.84 60.75 60.04 60.04 60.04 60.04 60.04 60.03 60.00 60.04 60.06 60.06 60.02 60.06 65.04 152.15 151.75 151.86 151.87 151.81 151.77 151.78 151.99 152.16 152.17 152.13 152.10 152.16 152.15 152.15 152.09 152.16 152.16
60.04 60.04 60.05 60.09 60.07 60.02 60.05 60.09 60.06 60.03 60.03 60.05 60.01 60.01 60.04 60.04 60.05 60.03 60.04 60.01 60.03 60.03 60.03 60.04 60.06 60.06 60.06 60.03 60.06 60.05 60.07 60.03 60.07 60.08 60.07 60.04 60.05 60.06 60.08 60.02 60.07 60.06 95.82 123.44 132.01 132.09 85.40 60.06 60.09 60.07 60.03 60.04 60.04 60.04 60.04 60.05 60.05 60.00 82.00 136.62 151.84 151.78 151.75 151.76 151.74 151.80 151.87 151.92 151.99 152.05 152.15 152.13 152.17 152.06 152.12 152.17 152.15
60.05 60.03 60.05 60.05 60.04 60.04 60.05 60.07 60.03 60.06 60.03 60.02 60.03 60.05 60.01 60.07 60.04 60.10 60.04 60.08 60.08 60.05 60.07 60.05 60.11 60.06 60.06 60.02 60.05 60.05 60.05 60.06 60.05 60.04 60.09 60.04 60.02 60.00 60.06 60.03 67.39 77.49 121.78 131.78 132.03 132.02 109.66 60.08 60.04 60.04 60.06 60.05 60.04 60.04 60.03 60.05 60.05 60.02 60.02 60.27 136.60 139.82 131.51 151.84 151.88 151.88 151.70 151.77 151.77 151.81 151.91 152.00 152.03 152.08 152.14 152.09 152.17
60.02 60.05 60.05 60.04 60.03 60.04 60.03 60.03 60.08 60.04 60.07 60.01 60.02 60.02 60.05 60.04 60.06 60.05 60.04 60.09 60.06 60.07 60.04 60.04 60.05 60.07 60.07 60.04 60.04 60.07 60.01 60.03 60.02 60.04 60.04 60.03 60.05 60.00 60.03 60.07 122.25 113.42 131.62 131.68 131.74 131.90 132.03 132.08 60.06 60.06 60.06 60.06 60.09 60.05 60.04 60.05 60.06 60.07 60.00 60.05 60.53 78.07 78.18 66.25 92.01 140.57 82.53 151.91 148.97 151.92 151.73 151.78 151.81 151.91 152.02 152.08 152.17
60.08 60.08 60.05 60.06 60.05 60.00 60.05 60.06 60.03 60.05 60.04 60.03 60.01 60.07 60.03 60.02 60.09 60.06 60.05 60.09 60.05 60.04 60.05 60.04 60.04 60.06 60.06 60.09 60.01 60.06 60.04 60.06 60.03 59.97 60.04 60.03 60.04 60.04 60.02 120.35 122.46 131.72 131.67 131.70 131.71 131.75 131.94 132.14 60.09 60.07 60.03 60.05 60.03 60.04 60.04 60.05 60.05 60.07 60.00 60.01 60.05 60.05 60.05 60.06 60.06 60.06 60.04 90.14 134.27 79.10 148.77 151.86 151.87 151.86 151.74 151.85 151.91
59.97 60.08 60.06 60.02 60.01 60.03 60.04 60.02 60.07 60.05 60.00 60.03 60.06 60.05 60.04 60.03 60.05 60.05 60.10 60.06 60.04 60.04 60.04 60.09 60.02 60.05 60.08 60.02 60.03 59.97 60.02 60.03 60.02 60.01 60.03 60.02 60.07 60.05 74.86 102.77 131.64 131.68 131.69 131.70 131.72 131.68 131.68 126.61 73.47 60.06 60.02 60.05 60.06 60.08 60.03 60.07 60.02 60.04 60.06 60.06 60.05 60.05 60.09 60.05 60.05 60.08 60.04 60.08 60.10 60.08 76.01 102.78 90.73 125.39 151.96 151.77 151.83
60.07 60.06 60.02 60.04 59.99 60.03 60.01 60.06 60.04 60.01 60.05 60.01 60.04 60.03 60.06 60.05 60.03 60.08 60.07 60.05 60.05 60.07 60.01 60.08 60.07 60.09 60.04 60.01 60.05 60.00 60.03 60.01 60.01 60.05 60.05 60.07 60.08 98.82 81.61 131.66 131.71 131.67 131.67 131.69 131.69 131.68 131.84 103.68 60.06 60.08 60.03 60.05 60.05 60.06 60.07 60.04 60.03 60.07 60.05 60.06 60.07 60.06 60.08 60.09 60.08 60.09 60.09 60.08 60.10 60.11 60.07 60.04 60.05 60.00 123.32 119.50 152.07
60.03 60.07 60.03 60.02 60.00 60.04 60.04 60.04 60.07 60.02 60.04 60.04 60.06 60.00 60.02 60.04 60.05 60.08 60.05 60.04 60.05 60.07 60.05 60.04 60.04 60.02 60.03 60.02 60.00 60.03 60.03 60.05 60.07 60.07 60.08 60.05 60.05 74.20 131.70 131.68 131.68 131.71 131.69 131.71 131.69 131.65 131.79 132.10 80.87 60.07 60.06 60.04 60.06 60.03 60.05 60.09 60.07 60.07 60.07 60.05 60.08 60.10 60.07 60.10 60.07 60.07 60.08 60.07 60.09 60.04 60.04 60.04 60.00 60.01 60.03 60.05 106.86
