terraref/laser3d/LAStools/bin/dem.asc
ncols 251
nrows 251
xllcorner 630250.000000
yllcorner 4834500.000000
cellsize 1.000000
NODATA_value -9999.0
[rows 0 to 33 of 251, columns 77 to 153 of 251]
-9999.0 -9999.0 -9999.0 -9999.0 -9999.0 -9999.0 -9999.0 -9999.0 -9999.0 -9999.0 -9999.0 -9999.0 -9999.0 -9999.0 -9999.0 -9999.0 -9999.0 -9999.0 -9999.0 -9999.0 -9999.0 -9999.0 -9999.0 -9999.0 -9999.0 -9999.0 -9999.0 -9999.0 -9999.0 -9999.0 -9999.0 -9999.0 -9999.0 -9999.0 -9999.0 -9999.0 -9999.0 -9999.0 -9999.0 -9999.0 -9999.0 -9999.0 -9999.0 -9999.0 -9999.0 -9999.0 -9999.0 -9999.0 -9999.0 -9999.0 -9999.0 -9999.0 -9999.0 -9999.0 -9999.0 -9999.0 -9999.0 -9999.0 -9999.0 -9999.0 -9999.0 -9999.0 -9999.0 -9999.0 -9999.0 -9999.0 -9999.0 -9999.0 -9999.0 -9999.0 -9999.0 -9999.0 -9999.0 -9999.0 -9999.0 -9999.0 -9999.0
53.51 56.60 57.51 54.05 60.73 64.57 65.04 64.85 64.88 64.78 63.51 64.98 64.96 64.44 63.66 60.73 62.46 59.84 62.74 61.50 60.87 53.70 62.19 53.16 59.91 55.95 58.49 57.67 52.25 53.83 53.28 56.37 55.54 52.09 52.04 51.97 51.92 51.92 51.96 51.96 51.97 51.96 51.93 51.91 51.91 51.99 51.90 51.90 51.90 51.89 51.85 51.92 51.89 51.97 51.93 52.76 51.87 51.76 51.78 51.77 51.74 51.79 51.87 51.85 51.85 51.88 51.88 51.88 52.33 52.55 52.39 51.94 55.89 56.52 52.41 51.98 51.55
53.67 53.58 53.90 59.47 60.13 65.11 64.68 65.00 65.24 64.86 64.72 64.91 64.95 64.49 62.60 58.06 62.04 58.88 62.29 62.31 60.51 61.22 60.81 58.39 59.99 60.53 58.11 52.27 52.24 52.19 52.14 52.15 52.03 51.96 52.08 52.02 52.38 52.05 51.97 53.26 51.95 51.94 51.90 51.90 51.93 51.91 51.88 51.89 51.90 51.91 51.90 51.94 51.91 51.95 51.92 52.39 51.82 51.80 51.83 51.78 51.70 51.77 51.86 51.85 51.84 51.88 51.84 51.86 52.09 52.43 52.22 51.79 51.82 51.81 51.67 51.64 51.60
57.62 58.89 57.07 60.34 62.40 64.71 64.99 64.74 65.78 66.02 65.80 65.16 64.12 62.73 61.79 59.31 52.95 62.11 62.22 62.32 62.36 61.45 60.37 59.79 57.88 55.27 56.12 52.12 52.15 52.11 52.06 52.08 52.29 52.34 52.06 52.63 52.85 52.46 51.96 52.00 52.37 52.79 52.33 51.93 51.94 51.83 51.88 51.88 51.93 51.90 51.93 51.93 51.93 51.95 51.94 51.90 52.25 51.82 51.76 51.75 51.73 51.71 51.75 51.81 51.81 51.84 51.81 51.84 51.86 51.85 51.84 51.84 51.80 51.75 51.70 51.67 51.58
63.53 62.19 61.74 62.02 63.47 63.90 64.71 66.34 66.30 66.48 65.81 65.10 62.73 62.84 62.45 58.25 52.63 60.60 61.81 61.36 61.89 61.63 55.99 57.94 57.47 52.12 52.14 52.15 52.15 52.08 52.11 52.08 52.08 52.32 52.94 52.23 51.96 51.97 51.95 51.89 52.37 52.72 52.15 52.43 51.95 51.89 51.90 51.88 51.89 51.90 51.94 51.94 51.92 51.94 51.93 51.90 51.85 51.88 51.79 51.75 51.78 51.65 51.74 51.76 51.80 51.78 51.84 51.83 51.85 51.84 51.88 51.88 51.83 51.81 51.77 51.73 51.68
63.38 63.48 61.69 62.07 62.50 65.29 65.74 66.19 66.91 66.88 66.28 65.15 62.72 62.18 61.22 54.74 53.41 52.43 61.07 60.26 60.65 57.89 57.92 55.87 52.15 52.17 52.13 52.17 52.13 52.11 52.10 52.11 52.06 52.00 51.97 51.98 51.99 52.01 51.96 51.93 51.93 51.90 51.91 52.13 51.85 51.88 51.89 51.87 51.86 51.90 51.90 51.91 51.93 51.94 51.94 51.89 51.82 51.79 51.83 51.72 51.73 51.68 51.70 51.75 52.25 51.80 51.82 51.83 51.86 51.86 51.88 51.92 51.81 51.79 51.73 51.78 51.64
63.52 64.10 63.67 62.61 63.85 65.10 65.56 65.92 66.52 66.55 65.87 65.56 61.68 60.85 59.11 54.36 53.72 58.19 59.49 52.21 57.56 59.52 52.19 52.20 52.18 52.17 52.18 52.10 52.10 52.07 52.05 52.00 52.04 52.03 52.08 52.11 53.59 52.03 51.96 51.87 51.91 51.87 51.87 51.92 51.88 51.84 51.83 51.91 51.90 51.89 51.87 51.91 51.93 51.93 51.91 51.86 51.84 51.78 51.77 51.74 51.69 51.68 51.60 51.68 51.78 51.81 51.80 52.13 51.86 51.87 51.89 51.81 51.83 51.79 51.75 51.75 51.61
63.99 63.94 61.75 54.04 64.13 65.25 65.51 66.19 66.68 66.47 64.97 63.75 60.19 52.46 55.09 58.25 52.29 54.67 54.59 52.30 52.24 52.23 52.23 52.25 52.20 52.18 52.09 52.10 52.08 52.09 52.09 52.09 52.14 52.18 52.10 52.01 51.96 51.93 51.93 51.91 51.87 51.96 51.91 51.89 51.87 51.86 51.88 51.90 51.86 51.87 51.89 51.93 51.91 51.88 51.90 51.87 51.86 51.81 51.81 51.75 51.70 51.69 51.64 51.85 51.79 51.79 51.86 51.80 51.82 51.84 51.82 51.87 51.84 51.82 51.82 51.72 51.71
63.52 63.55 59.43 58.95 61.99 63.97 64.90 65.75 66.31 66.29 64.99 59.41 60.06 52.33 52.33 55.30 52.30 52.39 52.25 52.23 52.21 52.23 52.20 52.17 52.14 52.14 52.10 52.15 52.17 52.15 52.18 52.12 52.11 52.01 52.00 51.95 51.94 51.94 51.93 51.88 51.89 51.89 51.87 51.87 51.79 51.86 51.86 51.82 51.89 51.87 51.88 51.86 51.88 51.89 51.84 51.88 51.87 51.87 51.77 51.75 51.70 51.75 51.82 51.90 52.63 51.77 52.03 51.87 51.74 51.83 51.80 51.89 51.82 51.75 51.96 51.77 51.89
62.75 61.22 59.75 57.07 57.94 60.78 64.18 65.48 65.68 63.88 61.05 53.26 57.14 52.37 52.35 53.87 52.33 52.37 52.27 52.21 52.23 52.20 52.18 52.21 52.17 52.23 52.22 52.24 52.11 52.10 52.11 52.07 52.04 52.04 52.02 52.02 51.96 52.52 51.92 51.94 51.92 51.88 51.84 51.86 51.85 51.85 51.82 51.83 51.85 51.87 51.86 51.87 51.86 51.88 51.86 51.87 51.85 51.83 51.82 51.78 51.71 51.73 51.74 51.67 52.33 52.42 51.98 51.84 51.80 52.38 51.87 51.87 52.01 51.85 51.81 51.86 52.03
61.40 60.81 57.54 53.54 53.92 52.56 57.76 61.08 61.83 56.36 56.98 52.39 53.33 52.35 52.41 52.35 58.43 59.90 61.80 56.32 52.23 52.25 52.27 52.45 52.32 52.24 52.18 52.12 52.11 52.13 52.07 52.06 52.05 52.09 52.11 52.00 51.96 51.96 51.90 51.91 51.86 51.82 51.84 51.85 51.86 51.84 51.83 51.81 51.84 51.81 51.88 51.85 51.85 51.86 51.89 51.89 51.83 51.85 52.05 52.03 51.79 51.70 51.71 51.66 51.67 51.74 51.77 51.79 51.85 51.83 51.91 51.89 51.84 51.84 51.87 52.44 52.52
60.67 58.08 52.60 52.57 52.53 52.53 54.25 59.31 53.19 60.80 52.43 52.37 52.40 52.39 52.37 60.65 53.41 60.61 62.55 62.69 52.57 54.38 59.34 55.89 57.09 52.16 52.14 52.15 52.11 52.09 52.09 52.09 52.09 52.06 52.03 52.04 51.97 51.97 51.91 51.90 51.95 51.90 51.87 51.88 51.80 51.81 51.81 51.77 51.83 51.86 51.78 51.83 51.84 51.86 51.87 51.88 51.84 51.83 52.58 53.03 52.27 51.70 51.68 51.62 51.65 51.76 51.78 51.85 51.86 51.83 51.86 51.87 51.86 51.82 51.85 51.82 51.84
52.60 52.58 53.56 52.59 52.50 53.50 58.74 54.98 59.52 59.70 58.03 52.41 52.35 52.34 62.13 58.95 62.14 56.04 64.50 64.42 56.04 58.69 57.32 61.11 57.61 52.14 52.12 52.12 52.12 52.14 52.13 52.11 52.11 52.09 52.03 52.01 51.98 51.88 51.93 51.92 51.91 51.89 51.88 51.84 51.84 51.78 51.78 51.78 51.78 51.79 51.80 51.79 51.83 51.84 51.83 51.82 51.82 51.82 53.29 53.31 52.77 51.72 51.72 51.69 51.65 51.74 51.80 51.85 51.82 51.86 51.85 51.84 51.83 51.85 51.85 51.82 51.80
52.59 52.59 52.57 52.60 52.51 52.53 58.58 59.73 59.86 59.53 59.69 55.33 55.93 63.89 63.58 60.83 58.98 64.06 64.63 64.19 54.53 60.28 64.65 64.23 63.55 57.86 57.55 53.14 52.20 52.21 52.23 52.22 52.19 52.16 52.17 52.04 51.95 51.94 51.96 51.90 51.88 51.92 51.92 51.87 51.79 51.78 51.77 51.82 51.81 51.83 51.80 51.81 51.84 51.81 51.84 51.83 51.84 51.79 52.48 53.80 53.40 51.69 51.64 53.68 52.26 51.77 51.77 51.79 51.81 51.80 51.84 51.85 51.84 51.85 51.86 51.89 51.81
52.63 52.60 52.60 52.56 52.56 57.12 59.38 55.41 59.61 61.93 62.24 64.90 56.97 62.63 58.93 60.61 62.64 60.68 64.11 63.34 60.30 65.06 62.43 64.40 63.85 62.91 60.68 56.96 52.27 52.28 52.27 52.22 52.24 52.30 52.22 52.11 52.07 52.02 51.92 51.86 51.86 51.89 51.85 51.85 51.83 51.80 51.81 51.76 51.83 51.81 51.84 51.77 51.80 51.86 51.86 51.81 51.85 51.84 51.89 53.83 53.72 51.74 57.48 51.64 51.66 51.72 51.77 51.84 51.77 51.81 51.85 51.84 51.92 51.90 51.88 51.85 51.82
52.63 52.60 52.55 52.58 55.78 57.40 54.05 58.63 62.65 63.95 64.40 56.00 57.71 51.44 64.38 59.89 61.38 62.71 63.62 63.09 54.80 61.86 64.73 61.41 62.49 62.93 61.72 57.80 54.35 52.27 52.32 52.36 52.27 52.41 52.22 52.16 52.11 52.01 51.96 51.92 51.82 51.89 51.90 51.86 51.87 51.81 51.81 51.78 51.78 51.80 51.80 51.76 51.79 51.77 51.80 51.84 51.83 51.87 51.84 51.85 53.52 51.71 51.69 51.69 51.63 51.69 51.76 51.82 51.83 51.84 51.85 51.84 51.87 51.86 51.89 51.92 51.84
52.62 52.65 52.63 52.66 52.72 51.81 51.79 56.12 60.61 56.06 63.79 64.52 58.38 54.29 60.67 51.61 60.95 61.24 66.87 67.24 64.89 66.04 65.09 63.21 64.09 58.96 59.18 58.40 58.30 52.28 52.29 52.30 52.35 52.48 52.16 52.18 52.17 52.04 52.01 51.98 51.92 51.89 51.89 51.85 51.87 51.79 51.79 51.77 51.72 51.78 51.78 51.81 51.79 51.82 51.77 51.78 51.83 51.83 51.84 52.27 52.75 51.88 51.73 51.70 51.73 51.70 51.76 51.79 51.82 51.85 51.85 51.84 51.87 51.87 51.85 51.87 51.86
52.74 54.96 55.57 61.03 58.76 50.47 50.58 50.70 54.58 52.05 51.11 61.13 64.95 65.06 56.90 51.77 56.43 64.05 65.68 63.36 66.97 66.21 63.20 64.20 63.92 63.08 61.06 60.81 54.56 52.25 52.29 52.34 52.39 52.51 52.21 52.26 52.21 52.11 52.08 51.99 51.99 51.86 51.84 51.80 51.79 51.79 51.79 51.73 51.74 51.80 51.77 51.83 51.75 51.78 51.81 51.84 51.83 51.78 51.82 51.83 51.69 51.72 51.71 51.69 51.71 51.62 51.78 51.76 51.75 51.79 51.81 51.85 51.84 51.87 51.85 51.86 51.85
60.13 57.53 65.43 65.43 63.12 53.18 50.56 53.12 50.76 55.94 62.93 55.93 63.18 66.42 66.21 60.71 52.47 54.06 67.17 66.38 66.78 66.65 64.40 64.10 63.32 61.48 55.76 63.61 52.27 52.27 52.42 52.68 52.46 52.41 52.27 52.28 52.31 52.17 52.08 52.10 52.07 51.98 51.82 51.81 51.79 52.03 51.76 51.71 51.76 51.73 51.74 51.78 51.76 51.80 51.80 51.80 51.85 51.80 51.81 51.83 51.74 51.73 51.76 51.65 51.71 51.64 51.66 51.81 51.79 51.82 51.83 51.80 52.45 51.86 51.90 51.85 51.82
62.54 65.39 66.01 65.66 64.95 59.93 58.54 56.22 63.01 51.73 64.14 62.36 64.94 66.08 61.68 52.38 61.16 66.30 66.49 63.50 66.70 66.73 65.65 61.06 64.16 63.90 63.47 58.15 52.28 52.29 52.33 52.36 52.32 52.30 52.33 52.28 52.30 52.20 52.14 52.16 52.08 52.01 51.86 51.85 51.87 51.79 51.74 51.73 51.72 51.76 51.75 51.76 51.81 51.79 51.80 51.80 51.84 51.86 51.81 51.79 51.83 51.76 51.72 51.70 51.69 51.76 51.62 51.75 51.80 51.78 51.81 51.84 51.86 51.86 51.90 51.85 54.17
60.92 65.69 56.52 65.82 62.91 53.27 61.36 55.80 60.62 65.34 65.64 62.04 61.28 58.84 64.35 54.74 54.92 59.50 53.65 66.25 66.42 66.72 65.40 63.43 63.25 60.86 57.82 57.28 54.38 52.26 52.31 52.29 52.32 52.29 52.30 52.28 52.39 52.46 52.23 52.21 53.18 52.10 56.91 52.41 52.46 51.77 51.76 51.74 51.71 51.72 51.76 51.78 51.81 51.79 51.77 51.86 51.81 51.87 51.79 51.81 51.78 51.73 51.71 51.80 52.11 52.08 51.66 51.70 51.79 51.81 51.80 51.84 51.79 51.85 51.84 51.82 53.47
60.56 66.24 66.22 66.07 65.81 55.75 63.19 64.72 66.13 65.82 66.33 64.86 65.20 66.05 65.24 52.87 52.64 53.65 66.72 65.75 62.06 66.51 66.30 59.51 64.35 64.98 65.04 60.52 57.85 52.27 52.31 52.32 52.30 52.29 52.30 52.32 52.30 52.56 54.05 55.50 53.03 56.62 53.81 52.58 52.74 51.80 51.76 51.73 51.71 51.74 51.77 51.78 51.79 51.80 51.79 51.80 51.81 51.81 51.81 51.87 51.81 51.76 51.75 51.71 52.46 52.08 51.73 51.71 51.74 51.78 51.81 51.82 51.80 51.84 51.82 51.85 51.83
59.02 66.32 57.94 61.80 66.64 61.97 52.39 61.38 60.78 66.75 66.49 65.41 61.71 65.79 60.90 56.39 59.16 62.40 59.98 66.33 66.22 56.67 66.31 65.99 65.37 65.02 65.04 61.06 52.30 52.28 52.29 52.31 52.34 52.31 52.31 52.37 52.31 55.25 57.03 58.32 58.29 58.47 56.79 53.08 52.06 52.33 51.76 51.74 51.75 51.74 51.75 51.75 51.77 51.82 51.80 51.83 51.81 51.83 51.85 51.83 51.80 51.78 51.76 51.75 52.23 52.32 51.84 51.62 51.75 51.77 51.77 51.75 51.79 51.79 51.82 51.85 51.86
62.32 53.65 61.59 67.04 67.68 67.54 52.52 55.44 67.27 66.12 66.43 57.26 57.52 65.90 64.34 65.21 58.07 58.27 60.61 66.44 66.34 66.21 65.71 65.95 65.45 64.98 63.01 61.06 53.65 52.32 52.35 52.32 52.34 52.36 52.33 52.32 52.32 57.30 57.75 58.73 60.13 58.57 57.72 56.28 52.31 52.60 51.78 51.78 51.70 51.74 51.73 51.78 51.74 51.81 51.81 51.80 51.82 51.80 51.85 51.84 51.78 51.76 51.77 51.70 51.72 51.92 52.66 51.65 51.76 51.76 51.72 51.75 52.39 51.81 51.83 51.84 51.89
60.25 58.64 59.18 62.26 67.55 64.60 54.71 64.08 66.08 66.75 66.86 65.92 65.58 63.64 64.26 65.44 63.22 56.19 60.93 62.92 66.09 60.54 64.61 65.02 65.69 65.18 62.74 60.15 61.01 52.32 52.33 52.35 52.34 52.31 52.37 52.32 54.00 57.04 57.87 60.98 60.70 59.49 57.25 55.85 52.56 52.26 51.84 51.74 51.71 51.74 51.74 51.78 51.79 51.79 51.80 51.79 51.79 51.84 51.80 51.81 51.80 51.77 51.78 51.74 51.70 52.04 52.24 52.86 51.68 51.77 51.75 52.26 51.80 51.80 51.80 51.84 51.89
66.03 61.18 59.90 62.36 67.90 67.64 64.41 61.26 52.39 60.67 65.34 65.81 65.56 65.37 65.19 65.04 65.97 63.05 62.41 63.85 62.92 60.04 62.89 64.93 62.94 63.00 60.06 60.07 60.51 52.35 52.38 52.39 52.39 52.32 52.32 52.32 52.33 56.22 59.37 59.70 60.38 58.65 57.32 53.25 51.89 52.43 52.00 51.78 51.74 51.68 51.73 51.77 51.77 51.77 51.81 51.79 51.82 51.78 51.77 51.82 51.81 51.80 51.74 51.74 51.74 51.84 51.73 52.59 51.89 51.69 51.79 52.01 51.76 51.78 51.82 51.82 51.84
66.46 65.23 65.89 64.57 66.96 67.01 57.70 66.55 58.33 55.19 65.75 65.13 65.91 65.59 64.82 65.02 65.39 62.33 60.09 60.10 60.10 60.10 61.72 60.02 60.16 60.40 60.09 60.07 60.26 54.87 52.44 52.41 52.42 53.39 52.32 52.35 52.32 55.37 56.40 59.04 58.06 53.56 55.72 52.08 51.88 52.42 51.81 51.79 51.76 51.73 51.72 51.72 51.79 51.76 51.80 51.77 51.76 51.82 51.75 51.81 51.80 51.78 51.77 51.73 51.73 51.63 51.61 51.63 52.41 51.73 51.76 51.88 51.87 51.76 51.79 51.85 51.85
57.79 56.10 61.83 66.81 61.97 63.60 65.99 64.29 64.89 56.37 66.20 62.24 65.73 65.61 65.11 64.29 61.89 60.07 60.13 60.04 60.09 60.04 60.01 60.11 60.08 60.07 60.08 60.08 60.05 61.12 52.48 52.44 52.44 52.37 52.35 52.33 52.31 54.84 55.09 57.31 52.76 56.82 54.41 52.10 51.89 52.56 52.38 51.78 51.77 51.76 51.69 51.78 51.73 51.76 51.81 51.78 51.76 51.82 51.79 51.81 51.76 51.78 51.75 51.70 51.69 51.66 51.64 51.67 51.60 51.69 51.73 51.78 51.75 51.81 51.78 52.41 56.10
65.52 67.09 67.18 66.78 64.76 66.07 65.95 66.06 65.72 61.12 64.94 66.41 63.57 63.43 63.90 63.39 62.77 60.11 60.06 60.05 60.11 60.09 60.06 60.06 60.07 60.07 60.11 60.08 60.08 60.13 52.44 52.47 52.44 52.38 52.32 52.33 52.33 52.33 52.50 53.53 52.31 52.31 52.23 52.19 51.98 53.17 53.50 51.80 51.78 51.70 51.67 51.69 51.72 51.78 51.73 51.75 51.78 52.67 51.83 51.81 51.78 51.76 51.80 51.72 51.70 51.71 51.67 51.67 51.58 51.67 52.64 52.41 55.27 53.77 51.79 51.80 51.84
65.72 65.25 64.91 66.51 65.95 61.46 65.42 64.64 64.66 65.25 60.04 62.57 63.58 61.97 60.92 62.78 60.08 60.07 60.08 60.09 60.07 60.11 60.09 60.09 60.12 60.06 60.08 60.08 60.13 60.56 53.90 52.40 52.37 52.31 52.31 52.30 52.31 52.27 52.24 52.32 52.31 52.34 52.27 52.21 52.03 52.28 52.75 51.89 51.76 51.77 51.73 51.76 51.70 51.74 51.79 51.74 51.77 51.93 52.05 51.80 51.77 51.79 51.77 51.73 51.68 51.69 51.69 51.62 51.63 51.60 51.67 55.04 55.44 53.11 51.78 51.76 51.83
64.14 63.43 64.14 64.66 64.84 64.61 64.55 64.48 64.42 64.46 60.09 60.87 63.13 61.51 61.56 60.36 60.07 60.08 60.08 60.06 60.08 60.12 60.08 60.10 60.11 60.07 60.07 60.12 60.14 60.08 57.67 52.32 52.32 52.32 52.31 52.30 52.31 52.32 52.29 52.28 52.28 52.33 52.32 52.23 52.09 51.96 52.68 52.03 51.77 51.75 51.73 51.73 51.70 51.73 51.77 51.79 51.71 51.73 51.77 51.82 51.76 51.78 51.78 51.76 51.72 51.71 51.70 51.64 51.61 51.59 51.69 51.74 52.77 53.73 51.77 51.79 51.80
64.95 64.81 62.75 60.05 60.01 60.80 64.38 64.54 63.95 60.06 60.08 60.12 61.60 60.05 60.04 60.04 60.08 60.08 60.09 60.09 60.09 60.10 60.09 60.07 60.07 60.09 60.08 60.11 60.11 60.06 60.91 52.31 52.31 52.32 52.32 52.37 52.37 52.32 52.31 52.31 52.30 52.29 52.29 52.25 52.21 51.92 51.83 51.80 51.81 51.77 51.71 51.73 51.69 51.74 51.68 51.71 51.74 51.71 51.73 51.72 51.81 51.82 51.80 51.74 51.77 51.72 51.69 51.64 51.65 51.62 51.64 51.68 51.77 51.95 51.77 51.80 51.79
63.36 63.63 63.79 60.07 60.11 62.64 61.55 60.36 60.10 60.09 60.09 60.05 60.04 60.09 60.10 60.05 60.05 60.09 60.09 60.09 60.06 60.08 60.08 60.09 60.06 60.04 60.09 60.08 60.05 60.04 60.09 54.95 52.31 52.35 52.33 52.30 52.33 52.30 52.32 52.33 52.27 52.29 52.30 52.28 53.29 51.98 51.79 51.76 51.84 51.76 51.71 51.68 51.71 51.70 51.71 51.70 51.73 51.78 51.81 51.78 51.82 51.77 51.78 51.79 51.76 51.75 51.73 51.65 51.67 51.63 51.56 51.87 51.88 53.93 53.91 52.47 54.88
62.29 63.58 62.87 60.12 60.11 60.05 60.05 60.10 60.07 60.07 60.08 60.06 60.05 60.13 60.08 60.08 60.09 60.06 60.08 60.05 60.05 60.07 60.10 60.05 60.06 60.09 60.05 60.08 60.04 60.08 60.07 58.74 52.35 52.31 52.30 52.29 52.35 52.33 52.29 52.30 52.30 52.28 52.34 52.28 52.18 52.02 51.87 51.78 51.75 51.72 51.73 51.69 51.66 51.66 51.73 51.75 51.69 51.70 51.78 51.73 51.79 51.78 51.75 51.75 51.77 51.69 51.73 51.71 51.65 51.63 56.99 58.30 53.10 55.09 56.94 57.16 56.65
