terraref/laser3d/LAStools/bin/dem.asc
ncols 251
nrows 251
xllcorner 630250.000000
yllcorner 4834500.000000
cellsize 1.000000
NODATA_value -9999.0
[rows 102 to 135 of 251, columns 0 to 76 of 251]
52.31 52.26 52.30 52.29 56.32 58.42 58.35 54.79 53.45 60.06 60.03 60.01 60.03 60.04 60.05 60.05 60.04 60.04 60.07 60.06 60.07 60.07 60.06 60.04 60.04 60.06 107.88 131.72 131.71 132.00 132.00 131.98 131.99 131.98 131.93 131.97 131.87 131.70 131.96 100.55 60.04 60.04 60.03 60.03 62.54 69.63 69.96 70.38 70.88 71.26 71.66 72.07 72.39 72.72 72.99 73.27 73.54 73.73 73.93 74.09 74.26 74.39 74.50 74.59 74.66 74.71 74.76 74.72 74.71 74.66 74.56 74.48 74.38 74.24 74.04 73.88 73.69
52.38 52.29 52.31 52.33 52.28 52.58 52.62 52.59 52.56 59.34 60.04 60.12 60.05 60.02 60.02 60.07 60.07 60.09 60.05 60.01 60.08 60.05 60.07 60.06 60.09 60.08 97.07 131.76 131.72 131.85 131.95 131.91 131.94 131.99 131.91 131.97 131.96 131.73 131.84 132.13 60.04 60.05 60.00 60.03 60.14 69.59 69.81 70.23 70.65 71.12 71.48 71.84 72.18 72.50 72.81 73.09 73.34 73.55 73.76 73.92 74.08 74.20 74.28 74.41 74.46 74.52 74.55 74.56 74.53 74.49 74.37 74.28 74.19 74.04 73.82 73.71 73.49
52.47 52.30 52.30 52.30 52.30 52.45 52.63 52.58 52.59 55.96 60.01 60.05 60.06 60.07 60.06 60.07 60.04 60.04 60.06 60.04 60.07 60.08 60.07 60.10 60.05 60.06 60.06 128.16 131.72 131.72 132.01 131.99 132.02 131.99 132.01 131.91 132.00 131.75 131.69 132.08 60.07 60.06 60.02 60.01 60.06 66.02 69.67 70.00 70.39 70.87 71.25 71.57 71.94 72.27 72.60 72.88 73.09 73.33 73.56 73.69 73.86 73.98 74.09 74.19 74.25 74.27 74.32 74.31 74.30 74.26 74.19 74.04 73.92 73.80 73.65 73.51 73.25
52.49 52.32 52.30 52.29 52.31 52.34 52.62 52.57 52.57 52.57 60.03 60.04 60.08 60.04 60.06 60.07 60.07 60.04 60.07 60.05 60.04 60.05 60.07 60.07 60.03 60.04 60.06 102.24 131.72 131.73 131.93 132.04 132.02 131.95 131.94 131.90 131.89 131.89 131.71 131.90 114.05 60.06 60.05 60.04 60.03 61.39 69.63 69.80 70.17 70.57 70.97 71.31 71.66 72.01 72.35 72.62 72.85 73.10 73.28 73.49 73.63 73.79 73.86 73.92 74.01 74.02 74.08 74.09 74.05 74.00 73.93 73.87 73.75 73.61 73.36 73.25 73.05
52.57 52.35 52.32 52.27 52.32 52.32 52.52 52.59 52.59 52.79 60.28 60.06 60.04 60.07 60.05 60.05 60.07 60.05 60.04 60.05 60.05 60.05 60.07 60.05 60.01 60.05 60.03 76.13 131.90 131.73 131.79 131.97 131.91 131.97 131.98 131.99 132.02 131.90 131.76 131.72 132.06 60.06 60.06 60.04 60.06 60.07 69.52 69.68 69.90 70.34 70.68 71.03 71.43 71.72 72.03 72.35 72.65 72.82 73.00 73.22 73.36 73.52 73.59 73.70 73.78 73.81 73.82 73.86 73.82 73.78 73.69 73.62 73.47 73.38 73.15 72.97 72.78
52.56 52.41 52.37 52.28 52.31 52.29 52.45 52.57 52.57 52.56 60.75 60.04 60.06 60.06 60.07 60.07 60.05 60.04 60.02 60.03 60.05 60.03 60.03 60.06 60.02 60.03 60.10 60.08 122.52 131.73 131.72 131.90 131.99 132.06 131.99 132.01 132.02 131.91 131.82 131.71 131.94 70.13 60.04 60.06 60.05 60.09 60.11 69.57 69.70 70.02 70.37 70.74 71.11 71.45 71.70 72.03 72.31 72.54 72.74 72.94 73.13 73.23 73.34 73.43 73.50 73.55 73.55 73.57 73.57 73.48 73.43 73.33 73.19 73.08 72.87 72.66 72.50
52.54 52.49 52.32 52.30 52.30 52.30 52.36 52.55 52.55 52.58 59.50 60.32 60.08 60.11 60.05 60.05 60.06 60.04 60.07 60.06 60.05 60.03 60.03 60.04 60.05 60.08 60.08 60.10 64.68 131.76 131.74 131.81 132.00 132.06 132.01 131.94 132.02 132.00 131.89 131.76 131.77 130.53 62.42 60.08 60.05 60.05 60.06 64.62 69.61 69.78 70.13 70.41 70.79 71.15 71.39 71.67 71.98 72.22 72.46 72.63 72.75 72.88 73.06 73.13 73.18 73.26 73.28 73.24 73.26 73.16 73.15 73.00 72.88 72.73 72.53 72.35 72.18
52.88 52.64 52.70 52.31 52.28 52.31 52.34 52.54 52.54 52.58 54.45 60.51 60.08 60.08 60.08 60.05 60.06 60.06 60.05 60.03 60.04 60.07 60.05 60.06 60.07 60.07 60.09 60.09 60.09 132.02 131.74 131.73 131.89 131.94 131.94 131.99 132.01 131.93 131.96 131.82 131.70 131.89 87.04 60.05 60.06 60.04 60.03 60.05 64.46 69.60 69.82 70.11 70.42 70.81 71.09 71.33 71.59 71.83 72.07 72.28 72.44 72.57 72.67 72.71 72.80 72.90 72.92 72.86 72.88 72.82 72.70 72.62 72.53 72.42 72.24 72.03 71.70
59.91 57.18 61.56 56.26 52.30 52.30 52.37 52.46 52.53 52.56 52.51 60.86 60.10 60.05 60.10 60.08 60.10 60.09 60.03 60.04 60.08 60.03 60.05 60.07 60.07 60.06 60.09 60.09 60.11 75.28 131.92 131.77 131.78 132.01 132.02 132.03 131.94 131.91 131.86 131.92 131.71 131.75 124.91 60.05 60.08 60.03 60.02 60.05 60.02 64.03 69.61 69.82 70.08 70.34 70.76 71.01 71.28 71.46 71.65 71.90 72.06 72.16 72.34 72.41 72.44 72.50 72.55 72.54 72.49 72.49 72.40 72.28 72.21 71.96 71.81 71.63 71.38
65.04 62.66 62.13 60.24 52.26 52.45 52.99 52.41 52.54 52.55 52.56 58.31 60.10 60.02 60.10 60.10 60.06 60.04 60.06 60.07 60.05 60.10 60.06 60.07 60.08 60.08 60.06 60.08 60.05 60.09 117.59 131.74 131.75 131.85 131.96 131.94 131.94 131.91 131.90 131.90 131.82 131.75 131.92 116.11 60.05 60.06 60.01 60.03 60.03 60.05 66.97 69.62 69.77 69.98 70.34 70.60 70.87 71.09 71.26 71.47 71.60 71.73 71.88 72.06 72.04 72.10 72.15 72.08 72.10 72.02 72.00 71.89 71.78 71.56 71.38 71.24 71.01
65.06 64.27 61.24 59.86 52.33 52.27 52.31 52.35 52.54 52.57 52.59 53.33 60.39 60.09 60.08 60.11 60.10 60.06 60.08 60.04 60.05 60.07 60.09 60.10 60.06 60.05 60.06 60.09 60.09 60.07 60.43 131.89 131.74 131.75 131.91 131.97 131.97 131.94 131.91 131.83 131.83 131.70 131.75 132.00 72.24 60.03 60.02 60.00 59.99 60.01 60.04 67.72 69.59 69.71 69.96 70.20 70.45 70.70 70.87 71.05 71.22 71.34 71.46 71.58 71.62 71.65 71.74 71.70 71.65 71.62 71.56 71.43 71.34 71.21 71.02 70.87 70.66
65.92 64.94 62.77 62.23 52.30 52.26 52.29 52.31 52.52 52.55 54.42 52.52 60.78 60.08 60.09 60.10 60.08 60.07 60.07 60.04 60.06 60.06 60.10 60.07 60.08 60.08 60.08 60.10 60.06 60.08 60.06 93.28 131.83 131.75 131.83 132.01 131.94 131.93 131.87 130.35 131.95 131.81 131.75 131.83 132.06 70.18 60.01 60.04 60.01 60.00 60.02 60.01 66.02 68.01 69.67 69.79 70.02 70.25 70.42 70.55 70.82 70.94 71.02 71.15 71.17 71.26 71.25 71.27 71.19 71.22 71.15 71.00 70.96 70.87 70.56 70.37 70.22
66.12 65.35 63.08 62.84 55.94 52.27 52.29 52.31 53.75 57.33 58.62 52.55 56.90 60.10 60.07 60.09 60.09 60.09 60.08 60.08 60.07 60.12 60.11 60.12 60.10 60.08 60.09 60.07 60.07 60.07 60.09 60.08 132.10 131.79 131.76 131.84 131.92 131.98 131.98 131.99 131.90 131.76 131.70 131.67 131.85 96.56 60.04 60.05 60.02 60.04 60.02 60.05 60.04 61.11 67.56 69.58 69.68 69.83 70.01 70.16 70.28 70.48 70.57 70.65 70.78 70.81 70.82 70.84 70.81 70.77 70.72 70.54 70.48 70.28 70.09 69.92 69.80
64.91 64.09 63.17 62.50 53.88 52.30 52.29 52.30 52.41 61.42 63.52 57.83 52.52 60.16 60.13 60.12 60.03 60.08 60.09 60.10 60.08 60.07 60.10 60.10 60.08 60.10 60.08 60.05 60.05 60.08 60.07 60.08 105.87 132.00 131.73 131.75 131.91 131.92 131.98 131.85 131.74 131.72 131.70 131.70 131.70 132.07 60.03 60.03 60.03 60.04 60.03 60.02 60.01 60.01 60.05 67.33 69.54 69.60 69.69 69.77 69.81 70.00 70.08 70.15 70.26 70.26 70.32 70.33 70.31 70.24 70.18 70.08 69.95 69.79 69.70 69.63 69.58
65.87 61.76 62.02 61.95 52.44 52.33 52.30 57.90 59.08 63.76 66.46 64.72 55.97 60.06 60.10 60.16 60.04 60.08 60.09 60.11 60.07 60.09 60.08 60.09 60.07 60.04 60.06 60.06 60.05 60.06 60.08 60.07 60.09 60.11 131.77 131.73 131.78 131.89 131.77 131.71 131.74 131.71 131.69 131.67 131.67 131.81 109.90 60.04 60.03 60.02 60.00 60.04 59.98 60.03 60.01 60.06 60.10 62.52 69.10 69.60 69.59 69.67 69.70 69.76 69.81 69.86 69.89 69.82 69.84 69.80 69.73 69.71 69.63 69.60 69.26 69.55 62.74
67.26 61.24 59.13 57.17 52.59 52.32 52.31 52.28 54.02 62.39 65.82 59.12 58.34 55.77 60.13 60.12 60.14 60.06 60.06 60.09 60.06 60.08 60.07 60.08 60.09 60.06 60.05 60.08 60.06 60.07 60.07 60.07 60.09 60.06 109.31 131.73 131.73 131.73 131.73 131.72 132.02 132.26 131.84 131.69 131.70 131.72 131.92 60.01 60.02 59.99 60.02 60.00 60.02 60.02 60.03 59.99 60.01 59.99 60.06 60.11 61.95 66.56 69.52 69.56 69.58 69.56 69.59 69.59 69.61 69.59 69.56 69.56 67.94 66.04 60.05 60.07 60.05
67.80 65.61 65.21 62.51 52.64 52.30 52.32 52.29 54.17 57.21 61.19 59.59 58.17 53.25 60.41 60.14 60.12 60.05 60.12 60.07 60.10 60.11 60.10 60.09 60.06 60.07 60.06 60.05 60.07 60.09 60.10 60.08 60.08 60.05 69.97 131.96 131.73 131.74 131.68 131.68 132.24 132.25 132.00 131.71 131.72 131.68 119.53 60.00 60.00 59.97 60.01 60.02 60.02 60.01 60.00 60.03 60.01 60.00 59.98 60.00 60.01 60.05 60.11 60.09 60.08 62.02 63.92 62.33 60.82 60.03 59.99 60.00 60.00 60.01 60.04 60.06 60.02
67.95 60.07 65.86 65.68 60.80 52.50 52.31 52.28 52.29 53.08 57.67 52.58 52.60 52.57 58.98 60.09 60.09 60.04 60.05 60.10 60.09 60.09 60.07 60.08 60.09 60.11 60.08 60.08 60.09 60.06 60.08 60.06 60.04 60.03 60.05 102.56 131.92 131.68 131.69 131.69 131.82 131.97 131.68 131.74 131.70 67.05 66.06 59.99 59.98 59.97 60.04 60.01 60.01 60.01 60.03 60.03 60.00 59.96 59.99 60.01 60.00 60.02 60.03 60.02 60.01 59.99 60.02 60.02 59.97 60.00 59.99 59.99 59.99 60.00 60.02 60.07 60.04
67.91 66.92 66.67 66.32 59.45 52.69 52.30 52.29 52.32 52.34 52.41 52.60 52.58 52.52 60.82 60.07 60.07 60.09 60.04 60.09 60.10 60.10 60.08 60.09 60.10 60.13 60.08 60.08 60.06 60.05 60.07 60.01 60.01 60.03 60.02 60.02 98.31 131.76 131.70 131.71 131.74 131.70 131.74 131.75 131.70 74.47 60.01 60.01 60.04 60.01 60.02 60.01 60.00 59.98 60.01 60.00 59.99 60.03 60.01 60.00 60.02 60.04 60.04 60.05 60.05 59.95 60.00 60.01 60.02 60.02 59.99 60.01 59.99 60.02 60.01 60.05 60.06
66.77 66.86 65.79 65.44 63.40 52.58 52.33 52.32 52.29 52.30 52.33 52.62 52.59 52.49 58.70 60.10 60.11 60.10 60.09 60.09 60.09 60.08 60.05 60.11 60.10 60.09 60.07 60.08 60.06 60.04 60.04 60.03 60.04 60.01 60.05 60.03 60.03 99.53 131.67 131.70 131.75 131.73 131.72 131.72 131.69 132.05 60.00 60.01 60.01 60.01 60.01 59.99 59.99 60.01 60.02 60.00 60.02 60.03 60.01 59.99 60.01 60.03 60.01 60.03 59.99 60.00 60.00 59.99 60.04 60.00 59.99 60.00 60.01 60.01 60.01 60.02 60.05
67.52 61.27 64.85 63.50 63.46 58.41 52.45 52.33 52.31 52.30 52.33 52.53 52.49 52.37 54.51 60.45 60.10 60.10 60.19 60.04 60.11 60.10 60.09 60.08 60.11 60.06 60.03 60.07 60.04 60.02 60.04 60.00 60.00 60.00 60.03 60.06 60.03 60.05 131.88 131.70 131.74 131.74 131.72 131.72 131.85 87.19 60.03 60.02 60.00 60.04 60.00 59.98 60.01 60.00 60.03 60.04 59.98 60.01 60.05 60.04 60.05 60.01 60.04 60.00 60.03 60.00 60.01 60.00 60.00 59.99 59.99 60.00 59.98 60.02 60.01 60.03 60.07
67.71 61.36 61.24 63.54 63.21 57.96 52.46 52.35 52.32 52.32 52.33 52.31 52.31 52.31 52.32 61.03 60.32 60.76 60.11 60.09 60.08 60.05 60.09 60.06 60.09 60.02 60.05 59.99 60.01 60.04 60.04 60.05 60.02 60.04 60.04 60.05 60.07 60.05 78.27 131.84 131.71 131.70 131.78 131.89 132.06 60.07 60.01 60.02 60.02 60.01 60.03 59.99 59.97 60.00 59.97 60.01 60.00 59.98 59.99 59.99 59.99 60.04 60.05 60.03 60.01 60.01 60.04 60.00 60.04 59.99 60.00 60.01 60.01 60.02 60.02 59.99 60.04
67.51 65.32 64.26 63.59 63.91 54.33 52.50 52.35 52.35 52.31 52.31 52.31 52.30 52.31 52.34 57.80 56.18 60.52 60.10 60.13 60.04 60.08 60.09 60.07 60.06 60.05 60.06 60.06 60.02 60.03 60.04 60.06 60.07 60.03 60.01 60.03 60.03 60.06 60.07 124.62 131.88 131.93 132.00 132.07 68.42 60.04 60.03 60.03 60.01 60.01 60.00 60.00 60.02 59.99 60.00 59.99 60.00 59.98 59.95 59.99 60.03 60.00 60.00 60.02 60.02 60.02 60.02 60.00 59.99 59.98 60.01 59.99 60.00 60.00 60.01 59.98 60.05
67.07 66.13 58.34 64.56 62.52 56.88 56.43 55.39 52.34 52.30 52.31 52.31 52.29 52.32 52.57 53.70 55.93 52.91 60.62 60.13 60.05 60.04 60.06 60.04 60.05 60.06 60.03 60.05 60.08 60.07 60.04 60.06 60.02 60.04 60.06 60.04 60.09 60.03 60.03 60.02 118.77 132.09 132.08 76.24 60.00 60.00 60.04 60.03 60.01 60.00 59.99 60.01 59.98 59.99 59.99 60.01 60.00 59.97 60.04 60.00 60.00 59.98 60.02 60.00 60.01 60.02 60.07 60.01 59.99 60.00 60.03 60.00 60.01 59.97 60.00 59.98 60.02
63.52 66.61 65.83 64.75 61.80 61.01 59.79 59.40 52.32 52.32 52.33 52.34 52.27 52.32 53.75 53.13 61.11 52.31 61.09 60.10 60.09 60.06 60.07 60.06 60.02 60.09 60.05 60.06 60.06 60.03 60.03 60.05 60.03 60.05 60.04 60.05 60.02 60.04 60.02 60.00 60.01 116.73 98.45 60.06 60.04 60.02 60.05 60.03 60.00 60.00 59.99 59.98 60.01 59.97 59.98 59.99 60.00 59.98 59.99 59.97 59.98 60.03 60.02 60.01 60.03 60.02 60.02 60.00 60.00 60.02 60.01 59.99 59.99 60.01 60.01 59.99 60.02
56.75 66.59 65.44 61.41 62.03 61.56 60.41 60.74 60.22 58.07 52.34 52.36 52.31 52.33 53.54 53.66 57.45 52.32 56.51 60.14 60.09 60.08 60.07 60.04 60.03 60.04 60.06 60.09 60.05 60.04 60.06 60.06 60.05 60.03 60.03 60.03 60.07 60.03 60.05 60.02 60.05 60.04 60.01 60.01 60.03 60.01 60.03 60.02 60.04 59.98 59.99 59.97 59.95 59.97 59.96 60.00 60.01 59.97 59.99 59.98 60.01 60.01 60.00 60.01 60.00 60.00 60.00 60.01 60.03 59.99 60.04 59.99 60.01 60.00 60.05 60.01 60.00
52.63 60.87 58.58 63.03 64.80 62.34 61.30 60.99 60.81 58.20 52.32 52.34 52.33 52.35 52.38 54.54 54.19 57.14 52.32 60.69 60.05 60.05 60.03 60.03 60.04 60.05 60.05 60.05 60.06 60.04 60.06 60.07 60.05 60.06 60.03 60.02 60.05 60.06 60.04 60.04 60.04 60.02 60.02 60.03 60.03 60.03 60.02 60.02 60.00 59.99 60.00 60.01 59.95 59.98 60.01 59.97 60.01 60.01 60.00 60.01 59.98 60.02 59.99 60.00 60.03 60.03 60.00 60.03 59.98 60.00 60.03 60.02 60.02 60.02 60.02 59.99 60.01
56.53 58.55 64.54 66.31 65.97 67.04 63.37 61.41 58.34 58.91 52.35 52.35 52.33 52.35 52.34 55.36 54.73 60.41 52.31 59.93 60.03 60.03 60.02 60.04 60.04 60.05 60.05 60.05 60.05 60.05 60.03 60.06 60.06 60.07 60.04 60.03 60.05 60.04 60.03 60.02 60.01 60.02 59.99 60.02 59.99 60.00 60.02 60.03 60.01 60.01 60.00 60.02 59.97 59.99 60.01 60.01 60.03 60.02 60.03 60.00 59.97 59.97 60.01 59.99 60.03 60.01 59.99 59.97 60.00 60.01 60.03 60.04 60.06 60.03 60.05 60.03 60.01
53.37 66.70 66.39 68.29 67.71 67.16 65.38 60.59 59.38 59.23 58.52 52.33 52.33 52.34 52.33 53.85 55.27 57.55 53.82 55.39 60.18 60.01 60.03 60.03 59.98 60.03 60.04 60.05 60.02 60.04 60.05 60.05 60.05 60.02 60.04 60.03 60.06 60.03 60.01 59.98 59.99 59.99 60.00 60.02 60.01 60.01 60.00 60.03 60.00 60.00 60.02 60.02 60.04 59.97 59.97 60.00 60.01 60.02 60.02 60.00 59.96 59.97 59.98 60.00 60.03 60.02 60.03 59.98 60.02 60.02 60.03 60.00 60.04 60.04 60.05 60.04 60.04
57.45 67.17 68.69 68.99 67.78 67.23 65.66 65.41 61.18 59.52 53.64 52.34 52.32 52.32 52.31 52.32 55.89 55.81 61.10 60.60 60.29 59.99 60.08 60.03 60.05 60.04 60.02 60.02 60.06 60.01 60.05 60.04 60.03 60.06 60.06 60.03 60.03 60.04 60.06 60.00 60.01 60.00 60.01 59.99 60.00 60.01 60.03 60.03 60.00 60.00 60.02 60.00 60.01 59.98 59.99 60.00 60.03 60.01 60.01 60.00 59.99 59.95 59.98 60.02 60.02 60.03 60.02 60.04 60.01 60.00 60.03 60.04 60.03 60.04 60.02 60.05 60.02
57.28 67.55 68.80 69.00 68.70 66.74 64.89 65.01 61.97 58.53 52.91 52.35 52.33 52.36 52.34 52.31 55.60 55.98 59.75 60.06 60.07 60.03 60.04 60.03 60.05 60.05 60.07 60.03 60.07 60.03 60.03 60.06 60.03 60.06 60.05 60.07 60.04 60.04 60.05 60.01 60.03 60.00 60.00 60.00 60.01 60.01 60.02 60.05 60.01 60.02 60.04 60.01 60.02 60.00 59.99 59.99 59.99 60.01 60.01 60.00 60.01 59.98 59.97 60.03 60.02 60.01 60.03 60.02 60.00 60.02 60.04 60.05 60.05 60.05 60.02 60.04 60.04
67.87 68.33 68.59 58.98 62.30 67.06 66.49 64.92 62.24 53.09 52.31 52.33 52.33 52.36 52.34 52.34 53.54 56.02 57.02 60.27 60.04 60.04 59.98 60.00 60.02 60.05 60.01 60.03 60.09 60.06 60.02 60.05 60.03 60.05 60.04 60.07 60.06 60.04 60.03 60.05 60.00 60.03 60.03 60.03 60.04 60.02 60.03 60.03 60.02 60.00 60.03 60.00 60.01 59.99 59.99 60.02 60.01 60.02 60.01 59.95 60.03 60.02 60.02 60.02 60.00 60.03 60.01 60.02 60.02 60.04 60.04 60.02 60.04 59.99 60.02 60.06 60.06
68.15 64.58 68.10 65.13 65.08 67.88 67.13 65.23 62.30 65.28 54.09 52.37 52.36 52.35 52.37 52.35 52.33 56.10 56.17 60.10 60.06 60.06 60.04 60.00 60.03 60.02 60.02 60.03 60.03 60.03 60.02 60.04 60.05 60.07 60.06 60.06 60.03 60.05 60.06 60.08 60.01 60.03 60.03 60.03 59.99 60.02 60.00 60.00 60.05 60.00 60.01 60.03 60.01 59.99 60.01 60.02 60.03 60.02 60.00 59.98 60.01 60.01 59.99 60.01 59.99 60.03 60.04 60.02 60.04 60.04 60.04 60.03 60.03 60.03 60.02 60.04 60.02
60.11 65.66 59.25 67.74 68.41 68.15 67.75 66.90 61.49 62.70 52.35 52.92 52.34 52.33 52.33 52.33 52.31 52.30 52.30 57.50 60.04 60.05 60.07 60.12 60.07 60.07 60.02 60.03 60.07 60.03 60.04 60.01 60.07 60.05 60.05 60.06 60.05 60.05 60.05 60.05 60.06 60.03 60.02 60.02 60.01 60.02 60.01 60.00 60.03 60.00 60.02 60.06 60.04 60.00 60.03 60.02 60.02 60.00 60.02 59.99 60.00 60.01 60.01 60.01 60.01 60.02 60.04 60.05 60.02 60.00 60.02 60.03 60.02 60.00 60.03 60.05 60.04
