terraref/laser3d/LAStools/bin/dem.asc
ncols 251
nrows 251
xllcorner 630250.000000
yllcorner 4834500.000000
cellsize 1.000000
NODATA_value -9999.0
[rows 136 to 169 of 251, columns 0 to 76 of 251]
67.51 66.31 66.98 66.71 67.72 67.97 68.17 63.71 66.70 56.21 54.74 56.37 53.41 52.32 52.31 52.32 52.30 52.28 52.27 53.47 60.01 60.05 60.05 60.15 60.01 60.06 60.02 60.03 60.02 60.03 60.04 60.03 60.02 60.00 60.02 60.02 60.03 60.06 60.04 60.07 60.04 60.02 60.02 60.01 60.00 60.03 60.00 60.01 60.04 60.04 60.01 60.06 60.04 60.03 60.02 60.02 60.01 60.05 60.02 60.00 60.00 60.01 60.03 60.00 60.00 60.02 60.05 60.03 60.04 59.99 60.02 60.00 60.01 60.00 60.04 60.05 60.05
65.94 64.46 67.31 62.68 67.71 67.42 67.51 54.24 63.08 63.79 58.84 59.16 52.35 52.33 52.32 52.29 52.25 52.29 52.29 56.70 60.06 60.05 60.05 60.02 59.97 60.01 60.03 60.04 60.05 60.05 60.03 60.00 60.04 60.01 60.03 60.02 60.06 60.06 60.03 60.05 60.04 60.01 60.02 60.00 60.01 60.00 60.01 60.01 59.97 60.01 60.00 60.01 60.04 60.01 60.00 60.01 59.99 60.05 60.06 60.03 60.02 60.00 60.05 59.98 59.99 60.02 60.02 60.05 60.02 60.03 60.03 59.98 60.01 60.02 60.05 60.04 60.04
66.80 67.34 58.18 57.49 67.42 66.59 66.78 64.61 64.40 64.33 63.75 55.46 62.39 58.80 52.28 52.31 52.32 52.29 52.28 53.10 60.56 60.03 60.03 60.05 60.00 60.03 60.06 60.06 60.03 60.03 60.03 60.00 60.02 60.05 60.02 60.02 60.04 60.04 60.03 60.01 60.04 59.99 59.98 59.99 60.01 60.01 59.99 59.99 60.02 60.00 60.04 60.04 59.99 60.00 59.97 60.01 60.00 60.02 60.05 60.04 60.04 60.01 60.02 60.02 60.01 60.01 59.98 60.00 60.02 59.98 60.01 59.99 60.00 59.99 60.02 60.06 60.05
67.68 67.73 66.74 66.30 66.58 66.36 65.84 65.88 65.19 65.06 64.15 63.55 62.24 61.65 54.43 52.28 52.27 52.30 52.27 52.25 60.82 60.03 60.05 60.05 59.99 60.02 60.01 60.02 60.02 60.04 60.04 60.06 60.04 60.05 60.02 60.03 60.04 60.02 60.02 60.03 60.02 60.01 59.97 60.00 60.01 59.99 59.99 60.00 59.99 60.01 60.04 60.01 60.01 60.02 59.98 59.99 60.02 60.00 60.02 60.04 60.01 60.01 60.00 60.04 60.03 60.02 60.00 60.01 60.02 59.98 60.01 60.01 60.00 59.98 60.02 60.01 60.02
68.41 67.71 66.79 65.35 65.09 62.12 62.19 55.87 65.59 65.09 64.43 63.04 61.95 61.62 57.08 52.29 52.29 52.32 52.30 52.31 56.45 60.10 60.00 60.02 60.03 59.97 60.04 60.04 60.03 60.03 60.03 60.02 60.00 60.01 60.03 60.03 60.01 60.02 60.03 60.01 60.00 60.01 60.01 60.00 60.02 59.99 60.02 60.01 60.01 60.05 60.02 60.03 60.01 60.01 60.00 59.99 60.04 60.00 60.04 60.02 60.03 60.01 60.00 60.04 60.05 60.02 60.00 60.03 60.01 59.99 59.97 59.99 59.99 59.99 59.98 59.99 60.02
67.81 66.49 66.62 64.61 64.75 64.95 64.95 64.81 65.10 64.32 63.26 62.16 62.23 61.40 59.71 56.19 52.31 52.27 52.28 52.28 52.26 60.85 60.02 60.04 60.03 60.04 60.00 60.04 60.03 60.01 60.02 60.00 60.04 60.01 60.03 60.03 60.00 60.01 60.03 60.02 60.00 60.01 59.99 60.02 60.00 59.99 60.04 60.00 60.02 60.02 60.03 60.03 59.99 60.00 60.01 60.00 60.01 60.01 60.02 60.04 60.03 60.01 60.03 60.05 60.02 60.01 60.03 60.01 60.04 60.00 59.97 59.99 59.98 60.01 60.00 59.97 60.05
66.10 65.37 63.69 55.49 65.03 65.38 65.20 65.09 64.55 63.83 62.56 61.56 61.78 59.54 59.27 52.27 52.29 52.31 52.30 52.31 52.30 59.79 60.05 60.03 59.99 60.02 60.01 60.01 60.02 60.03 60.05 60.03 60.05 60.02 60.03 60.01 60.02 60.00 60.04 60.00 60.00 60.05 60.00 60.00 60.03 60.00 60.01 60.00 60.04 60.02 60.02 60.01 59.99 60.01 59.99 60.00 60.01 60.01 60.02 60.03 60.00 59.99 60.03 60.01 60.00 60.01 60.01 59.99 60.01 60.02 60.03 59.97 60.03 59.99 60.00 59.99 60.01
62.18 61.47 62.61 62.73 64.84 65.13 64.88 64.88 64.76 63.43 63.39 62.87 61.43 60.32 60.04 52.30 52.27 52.28 52.28 52.26 52.26 55.46 60.20 60.04 59.99 60.02 60.00 59.94 60.01 59.98 60.02 60.03 60.01 60.00 60.02 59.99 60.05 60.05 60.04 60.03 60.01 60.05 60.02 60.03 59.99 60.02 60.00 59.99 60.00 60.02 60.00 60.01 60.03 59.98 60.01 60.00 59.99 60.00 60.03 60.00 60.01 60.00 60.02 60.02 60.00 60.03 60.02 60.02 60.03 60.03 60.04 59.99 59.93 60.01 59.96 59.97 60.01
59.70 62.24 61.61 60.64 62.25 63.85 57.59 54.49 64.68 65.04 64.16 63.85 58.11 60.09 54.02 52.26 52.28 52.25 52.27 52.28 52.30 52.25 60.67 60.02 59.99 60.01 60.01 59.98 60.03 60.04 60.02 60.01 59.97 60.05 60.01 60.03 60.04 60.04 60.03 60.05 60.06 60.01 60.05 59.97 60.00 60.03 60.01 60.01 60.00 60.01 60.01 60.03 60.05 60.05 60.01 60.03 60.01 60.02 60.03 60.00 60.04 60.01 60.03 60.01 60.02 60.02 60.03 59.98 60.02 60.02 59.92 60.00 60.02 59.96 59.97 60.00 59.99
54.48 61.01 60.18 52.79 54.99 64.39 64.23 65.17 65.08 60.82 64.84 63.67 60.69 54.85 52.39 52.31 52.27 52.27 52.28 52.28 52.27 52.24 58.58 60.02 60.04 60.03 60.03 60.05 59.99 60.00 60.06 60.02 60.02 60.03 60.04 60.04 60.04 60.04 60.06 60.05 60.03 60.01 60.04 60.01 60.00 59.95 60.00 59.98 60.03 60.01 60.04 60.04 60.03 60.01 60.01 60.03 60.04 60.03 60.00 60.04 60.06 60.02 60.03 60.05 59.98 60.02 60.01 60.06 60.02 60.02 60.02 60.04 60.02 59.97 60.01 60.01 60.02
54.58 52.37 52.55 61.90 63.64 64.25 64.99 65.54 65.08 65.63 65.23 64.11 61.60 61.21 61.69 52.29 52.29 52.26 52.25 52.25 52.24 52.27 54.35 60.10 60.06 60.05 60.00 60.06 60.06 60.01 59.99 60.01 60.05 60.06 60.05 60.03 59.99 60.02 60.05 60.06 60.02 60.02 60.06 60.03 60.00 60.00 59.98 59.96 60.04 60.01 60.02 60.02 59.97 60.02 60.02 60.01 60.01 60.00 59.99 59.98 59.96 60.09 60.02 60.01 60.07 60.01 59.94 60.01 60.03 60.01 59.99 60.01 59.98 60.15 60.43 61.62 59.99
58.66 52.33 53.65 62.87 63.55 59.76 62.28 64.03 64.97 63.43 64.58 60.56 62.12 61.88 58.19 52.28 52.31 52.27 52.27 52.27 52.28 52.28 52.29 60.21 60.02 60.01 60.01 60.05 60.03 59.99 60.02 59.96 59.98 60.04 60.10 60.03 60.01 60.06 59.95 59.97 60.00 60.00 60.04 59.97 59.97 60.00 59.96 59.97 60.03 60.03 60.04 60.00 59.97 60.05 59.98 59.92 60.00 59.99 60.04 60.02 60.04 60.10 60.04 60.03 60.04 60.04 60.04 60.03 60.01 60.07 60.00 60.10 60.13 60.96 61.44 61.34 60.21
58.54 55.72 52.34 63.31 63.74 63.72 63.43 63.18 62.68 62.91 64.14 61.64 62.20 58.39 55.29 52.44 52.27 52.27 52.27 52.28 52.29 52.28 52.29 57.16 60.05 60.01 60.03 59.98 60.01 60.00 60.03 60.05 60.03 60.00 59.98 60.04 60.05 60.03 60.00 60.05 59.98 60.02 60.03 60.03 60.07 60.06 60.07 60.02 60.04 60.01 60.43 60.09 60.06 60.04 60.07 60.20 60.44 60.13 60.04 60.32 60.22 60.49 60.70 58.67 60.62 60.76 60.71 60.84 58.56 58.19 59.58 57.68 54.79 54.32 56.28 53.61 55.36
52.25 52.28 52.33 56.59 63.63 63.71 64.67 63.21 64.68 63.84 63.54 58.81 56.89 54.95 52.30 52.29 52.30 52.32 52.29 52.26 52.26 52.27 52.27 53.50 60.37 60.01 60.00 60.08 60.10 60.00 60.05 60.01 60.02 60.25 60.09 60.07 60.06 60.08 60.18 60.47 60.10 60.07 60.31 60.39 60.73 60.69 60.43 56.97 60.56 60.71 57.93 57.50 56.83 60.19 57.26 57.37 57.32 54.01 57.72 52.23 52.29 53.43 52.85 52.27 52.99 52.27 53.50 54.12 52.26 52.25 52.26 52.26 52.21 52.26 52.28 57.09 52.26
52.31 53.21 56.07 57.93 57.89 60.14 63.20 60.58 61.68 59.04 56.87 52.29 52.29 52.43 52.28 52.28 52.29 52.29 52.30 52.28 52.24 52.28 52.26 52.26 60.20 60.15 60.21 60.60 60.74 60.54 60.67 60.43 60.65 60.92 55.86 56.58 55.74 54.23 54.63 57.48 54.69 54.31 54.78 56.64 55.77 54.10 55.30 52.29 54.45 54.00 52.28 52.24 52.29 52.30 52.30 52.27 52.28 52.27 52.30 52.27 52.28 52.31 52.26 52.28 52.28 52.23 52.24 52.29 52.25 52.27 52.24 52.25 52.25 52.23 52.26 52.22 52.24
52.28 52.95 52.39 57.66 60.11 57.19 58.68 54.41 52.31 52.29 52.29 52.32 52.28 52.47 52.37 52.25 52.28 52.28 52.29 52.27 52.27 52.28 52.24 52.26 54.79 53.63 52.62 55.35 54.29 53.47 52.43 52.26 53.90 53.27 52.28 52.27 52.29 52.29 52.28 52.26 52.29 52.29 52.29 52.28 52.29 52.29 52.28 52.29 52.25 52.30 52.29 52.26 52.29 52.28 52.29 52.30 52.29 52.27 52.27 52.26 52.27 52.29 52.27 52.26 52.25 52.28 52.25 52.26 52.25 52.26 52.31 52.22 52.25 52.27 52.24 52.25 52.28
52.25 52.30 52.29 52.31 54.35 55.71 54.48 52.29 52.32 52.30 52.32 52.39 52.30 52.33 52.60 52.42 52.31 52.31 52.32 52.26 52.27 52.30 52.27 52.25 52.24 52.29 52.26 52.24 52.28 52.27 52.26 52.27 52.26 52.26 52.29 52.28 52.27 52.28 52.29 52.27 52.26 52.29 52.27 52.29 52.30 52.28 52.31 52.29 52.29 52.30 52.27 52.30 52.27 52.28 52.25 52.28 52.26 52.29 52.26 52.27 52.27 52.22 52.23 52.28 52.28 52.25 52.24 52.26 52.31 52.24 52.21 52.26 52.23 52.27 52.23 52.26 52.25
52.22 52.27 52.27 52.26 52.25 52.25 52.27 52.33 52.31 52.33 52.29 52.29 52.30 52.60 52.40 52.32 52.28 52.32 52.31 52.28 52.25 52.26 52.25 52.28 52.28 52.29 52.27 52.29 52.27 52.25 52.27 52.29 52.25 52.27 52.29 52.27 52.27 52.27 52.29 52.27 52.29 52.29 52.27 52.26 52.27 52.27 52.29 52.27 52.29 52.27 52.29 52.25 52.27 52.26 52.25 52.28 52.26 52.23 52.26 52.25 52.26 52.26 52.28 52.24 52.28 52.27 52.27 52.26 52.26 52.24 52.26 52.25 52.22 52.25 52.24 52.26 52.24
52.21 52.25 52.23 52.21 52.27 52.27 52.27 52.29 52.31 52.30 52.30 52.29 52.29 52.45 52.28 52.30 52.28 52.29 52.27 52.28 52.27 52.31 52.31 52.28 52.28 52.92 52.26 52.26 52.28 52.28 52.29 52.27 52.29 52.29 52.29 52.24 52.29 52.29 52.30 52.29 52.28 52.30 52.26 52.27 52.28 52.23 52.27 52.27 52.26 52.29 52.26 52.27 52.27 52.25 52.25 52.27 52.28 52.24 52.25 52.28 52.26 52.24 52.26 52.27 52.27 52.26 52.26 52.25 52.25 52.27 52.25 52.25 52.24 52.23 52.25 52.27 52.24
52.48 52.25 52.24 52.23 52.27 52.26 52.28 52.27 52.31 52.28 52.30 52.26 52.29 52.30 52.30 52.28 52.30 52.29 52.29 52.29 52.28 52.33 52.29 52.28 52.26 52.28 52.25 52.30 52.60 52.29 52.26 52.27 52.28 52.30 52.28 52.30 52.31 52.28 52.28 52.30 52.27 52.28 52.26 52.25 52.27 52.28 52.26 52.26 52.24 52.26 52.28 52.26 52.26 52.28 52.28 52.29 52.30 52.26 52.27 52.26 52.24 52.25 52.26 52.26 52.28 52.23 52.25 52.25 52.24 52.26 52.22 52.23 52.26 52.21 52.24 52.23 52.24
54.04 52.42 52.25 52.27 52.24 52.25 52.31 52.29 52.28 52.29 52.31 52.30 52.30 52.30 52.30 52.99 52.31 52.28 52.27 52.32 52.28 52.29 52.31 52.26 52.28 52.28 52.28 52.55 53.56 52.38 52.26 52.30 52.27 52.28 52.25 52.30 52.30 52.29 52.28 52.25 52.26 52.25 52.28 52.24 52.28 52.28 52.28 52.27 52.24 52.28 52.27 52.27 52.24 52.27 52.26 52.27 52.23 52.25 52.29 52.22 52.27 52.25 52.26 52.25 52.25 52.26 52.25 52.25 52.25 52.26 52.23 52.27 52.25 52.21 52.26 52.27 52.25
54.23 53.17 52.29 52.28 52.27 52.28 52.27 52.31 52.29 52.30 52.31 52.32 52.32 52.32 52.30 52.30 52.77 52.28 52.29 52.28 52.28 52.30 52.27 52.27 52.27 52.32 52.30 52.54 52.46 52.28 52.28 52.25 52.30 52.28 52.28 52.28 52.25 52.27 52.28 52.25 52.27 52.25 52.27 52.29 52.33 52.29 52.27 52.25 52.28 52.24 52.35 52.30 52.27 52.28 52.26 52.25 52.25 52.24 52.26 52.27 52.27 52.25 52.25 52.27 52.26 52.26 52.22 52.26 52.29 52.26 52.23 52.23 52.27 52.24 52.23 52.26 52.23
53.89 52.99 52.26 52.26 52.24 52.26 52.31 52.32 52.31 52.34 52.34 52.31 52.33 52.30 52.31 52.31 52.73 52.28 52.32 52.32 52.28 52.27 52.28 52.29 52.31 52.26 52.28 52.94 52.25 52.28 52.27 52.26 52.26 52.28 52.27 52.23 52.23 52.25 52.27 52.25 52.29 52.27 52.31 52.30 52.27 52.29 52.26 52.26 52.25 52.27 52.43 52.27 52.29 52.26 52.26 52.24 52.27 52.25 52.27 52.27 52.23 52.24 52.21 52.28 52.25 52.27 52.26 52.27 52.26 52.24 52.23 52.21 52.25 52.25 52.26 52.25 52.26
52.57 52.35 52.27 52.27 52.24 52.25 52.31 52.29 52.31 52.36 52.32 52.33 52.32 52.31 52.31 52.31 52.72 52.32 52.31 52.30 52.26 52.26 52.30 52.27 52.25 52.25 52.27 52.26 52.29 52.28 52.27 52.28 52.30 52.28 52.27 52.28 52.23 52.29 52.26 52.27 52.29 52.28 52.26 52.26 52.27 52.26 52.31 52.26 52.28 52.27 52.24 52.24 52.25 52.28 52.25 52.24 52.28 52.28 52.23 52.28 52.26 52.29 52.26 52.26 52.28 52.29 52.24 52.26 52.26 52.26 52.25 52.26 52.26 52.28 52.25 52.25 52.28
52.26 52.28 52.27 52.27 52.30 52.28 52.29 52.33 52.29 52.33 52.31 52.32 52.31 52.35 52.33 52.32 52.31 52.85 52.32 52.32 52.32 52.29 52.28 52.30 52.30 52.29 52.30 52.25 52.26 52.29 52.26 52.29 52.27 52.28 52.30 52.28 52.28 52.28 52.29 52.30 52.29 52.26 52.28 52.26 52.28 52.29 52.27 52.28 52.26 52.28 52.27 52.26 52.28 52.27 52.28 52.30 52.29 52.26 52.27 52.26 52.29 52.26 52.28 52.26 52.27 52.28 52.29 52.27 52.29 52.30 52.29 52.30 52.30 52.26 52.30 52.28 52.31
52.25 52.27 52.28 52.27 52.29 52.28 52.29 52.32 52.29 52.31 52.95 52.34 52.33 52.35 52.34 52.33 52.40 52.53 52.40 52.30 52.30 52.33 52.30 52.29 52.31 52.29 52.31 52.30 52.30 52.30 52.29 52.30 52.28 52.27 52.29 52.29 52.29 52.29 52.30 52.27 52.32 52.29 52.28 52.30 52.29 52.28 52.27 52.28 52.28 52.30 52.29 52.28 52.30 52.29 52.28 52.30 52.25 52.30 52.27 52.30 52.29 52.31 52.30 52.32 52.29 52.31 52.28 52.31 52.31 52.30 52.32 52.29 52.32 52.30 52.30 52.29 52.27
52.28 52.28 52.31 52.29 52.31 52.30 52.30 52.30 52.30 52.31 52.33 52.29 52.32 52.35 52.31 52.34 52.33 52.47 52.47 52.28 52.30 52.33 52.32 52.31 52.30 52.31 52.30 52.31 52.31 52.32 52.29 52.30 52.31 52.29 52.27 52.29 52.32 52.32 52.31 52.31 52.30 52.33 52.29 52.32 52.31 52.30 52.33 52.29 52.31 52.30 52.32 52.31 52.32 53.08 52.32 52.31 52.31 52.31 52.32 52.31 52.29 52.31 52.33 52.30 52.29 52.28 52.28 52.29 52.31 52.31 52.29 52.32 52.31 52.28 52.25 52.30 52.27
52.28 52.28 52.30 52.26 52.29 52.29 52.29 52.29 52.32 52.31 52.31 52.29 52.31 52.28 52.28 52.31 52.29 52.52 52.57 52.36 52.32 52.30 52.35 52.33 52.28 52.31 52.27 52.32 52.30 52.32 52.29 52.28 52.32 52.32 52.33 52.33 52.30 52.32 52.32 52.31 52.30 52.33 52.30 52.31 52.32 52.30 52.32 52.30 52.34 52.32 52.32 52.31 52.30 52.32 52.30 52.31 52.32 52.31 52.30 52.30 52.30 52.33 52.35 52.31 52.37 52.36 52.31 52.33 52.29 52.31 52.30 52.31 52.30 52.27 52.31 52.28 52.27
52.26 52.26 52.25 52.25 52.26 52.26 52.28 52.28 52.29 52.29 52.30 52.28 52.29 52.29 52.29 52.30 52.31 52.34 57.68 53.88 52.39 52.34 52.32 52.31 52.31 52.32 52.30 52.26 52.29 52.30 52.28 52.30 52.31 52.32 52.31 52.32 52.35 52.33 52.32 52.30 52.30 52.33 52.30 52.33 52.32 52.34 52.31 52.33 52.33 52.28 52.32 52.30 52.30 52.29 52.31 52.28 52.31 52.31 52.33 52.32 52.35 52.37 52.36 52.39 52.40 52.36 52.33 52.32 52.29 52.31 52.29 52.27 52.28 52.30 52.30 52.29 52.29
52.25 52.22 52.23 52.24 52.24 52.24 52.28 52.25 52.29 52.26 52.27 52.28 52.27 52.28 59.74 59.62 60.11 63.03 60.40 64.01 61.06 52.32 52.30 52.34 52.32 52.30 52.32 52.30 52.28 52.29 52.30 52.30 52.32 52.31 52.34 52.32 52.31 52.31 52.28 52.34 52.31 52.33 52.32 52.36 52.33 52.31 52.30 52.32 52.32 52.30 52.30 52.30 52.31 52.29 52.29 52.28 52.33 52.33 52.34 52.37 52.39 52.42 52.53 53.53 52.43 52.36 52.31 52.29 52.32 52.32 52.29 52.27 52.28 52.29 52.29 52.31 52.29
52.25 52.21 52.24 52.24 52.23 52.26 52.27 52.25 52.28 52.28 52.26 52.27 61.17 63.16 58.87 65.91 66.03 63.79 61.48 64.26 57.86 52.52 52.44 52.32 52.30 52.29 52.29 52.32 52.30 52.31 52.30 52.29 52.33 52.29 52.33 52.33 52.30 53.20 52.29 52.30 52.33 52.30 52.31 52.34 52.31 52.31 52.31 52.31 52.34 52.32 52.31 52.31 52.29 52.33 52.29 52.36 52.32 52.30 52.30 52.36 52.39 52.46 53.72 54.92 54.16 52.39 52.35 52.29 52.30 52.32 52.30 52.29 52.32 52.29 52.30 52.31 52.27
52.21 52.23 52.25 52.26 52.24 52.29 52.22 52.27 52.26 52.24 52.26 52.25 55.59 65.36 65.49 66.61 66.50 61.18 63.96 64.11 60.81 53.50 52.47 52.50 52.30 52.30 52.32 52.31 52.29 52.30 52.32 52.29 52.35 52.26 52.29 52.30 52.33 52.27 52.30 52.31 52.31 52.31 52.31 52.31 52.33 52.30 52.32 72.83 67.43 68.89 52.34 52.31 52.32 52.32 52.31 52.30 52.29 52.31 52.31 52.34 52.38 53.55 54.78 54.68 54.29 52.38 52.34 52.30 52.27 52.31 52.30 52.28 52.32 52.28 52.28 52.25 52.29
52.21 52.23 52.21 52.24 52.26 52.24 52.22 52.21 52.21 52.26 52.22 52.25 52.30 57.09 66.15 66.30 65.11 66.17 58.09 62.59 52.90 52.47 52.57 52.63 52.36 52.28 52.29 52.30 52.28 52.30 52.32 52.33 52.30 52.31 52.31 52.29 52.28 52.31 52.30 52.31 52.31 52.31 52.29 52.30 52.32 52.30 52.31 72.50 79.11 65.63 52.30 52.30 52.28 52.30 52.29 52.31 52.30 52.27 52.29 52.31 52.35 52.42 53.53 53.30 52.44 52.38 52.32 52.28 52.29 52.31 52.29 52.31 52.29 52.24 52.29 52.28 52.25
52.20 52.22 52.19 52.21 52.21 52.22 52.22 52.18 52.22 52.24 52.29 57.91 63.88 61.79 58.49 66.22 66.51 66.52 66.19 62.08 52.23 52.52 52.57 52.55 52.34 52.29 52.31 52.31 52.29 52.31 52.27 52.30 52.29 52.27 52.31 52.30 52.33 52.31 52.29 52.34 52.30 52.33 52.29 52.31 52.32 52.30 52.29 53.03 59.37 54.29 52.30 52.31 52.30 52.31 52.31 52.28 52.31 52.30 52.30 52.31 52.34 52.41 52.44 52.38 52.38 52.36 52.31 52.31 52.29 52.29 52.30 52.27 52.26 52.26 52.26 52.21 52.24
